N,K,alpha,eta,elbo,coherence,perplexity,topics,weights
25,1,0.01,0.01,19356.697265625,0.33929950883611665,,"[['model', 'data', 'learning', 'distribution', 'one', 'problem', 'neural', 'method', 'figure', 'number']]","[[0.01883078, 0.009933753, 0.0080845645, 0.007002966, 0.006584281, 0.0065145018, 0.00640983, 0.0057818033, 0.0055026817, 0.0053980104]]"
25,1,0.01,0.31,32647.595703125,0.3664990557550808,,"[['model', 'function', 'set', 'data', 'network', 'algorithm', 'learning', 'using', 'distribution', 'variable']]","[[0.010968672, 0.008244335, 0.005804633, 0.005784302, 0.0056216554, 0.00552, 0.0047067674, 0.004279819, 0.0040765097, 0.0038732016]]"
25,1,0.01,0.61,32697.03125,0.3664990557550808,,"[['model', 'function', 'set', 'data', 'network', 'algorithm', 'learning', 'using', 'distribution', 'variable']]","[[0.010948918, 0.008229483, 0.0057941675, 0.0057738726, 0.005611519, 0.0055100475, 0.004698275, 0.004272096, 0.004069153, 0.0038662096]]"
25,1,0.01,0.9099999999999999,32721.009765625,0.3664990557550808,,"[['model', 'function', 'set', 'data', 'network', 'algorithm', 'learning', 'using', 'distribution', 'variable']]","[[0.010940379, 0.008223062, 0.005789642, 0.0057693617, 0.0056071356, 0.005505743, 0.0046946034, 0.0042687557, 0.0040659704, 0.0038631852]]"
25,1,0.01,5.0,32716.9375,0.3664990557550808,,"[['model', 'function', 'set', 'data', 'network', 'algorithm', 'learning', 'using', 'distribution', 'variable']]","[[0.01094112, 0.008223618, 0.005790035, 0.0057697548, 0.005607517, 0.0055061164, 0.0046949224, 0.0042690453, 0.0040662466, 0.0038634487]]"
25,1,0.01,10.0,32716.9921875,0.3664990557550808,,"[['model', 'function', 'set', 'data', 'network', 'algorithm', 'learning', 'using', 'distribution', 'variable']]","[[0.010941104, 0.008223606, 0.0057900264, 0.0057697464, 0.005607509, 0.005506109, 0.0046949154, 0.0042690393, 0.004066241, 0.0038634432]]"
25,1,0.31,0.01,19314.24609375,0.35124577456391587,,"[['model', 'data', 'algorithm', 'learning', 'variable', 'one', 'problem', 'neural', 'value', 'feature']]","[[0.018883782, 0.009961723, 0.009506871, 0.008107335, 0.006672807, 0.0066028303, 0.006532853, 0.006427888, 0.0059030605, 0.005553175]]"
25,1,0.31,0.31,32638.439453125,0.3664990557550808,,"[['model', 'function', 'set', 'data', 'network', 'algorithm', 'learning', 'using', 'distribution', 'variable']]","[[0.010972631, 0.008247316, 0.005806732, 0.005786395, 0.005623689, 0.005521997, 0.0047084703, 0.004281368, 0.004077987, 0.0038746041]]"
25,1,0.31,0.61,32698.6484375,0.3664990557550808,,"[['model', 'function', 'set', 'data', 'network', 'algorithm', 'learning', 'using', 'distribution', 'variable']]","[[0.010948421, 0.008229109, 0.005793905, 0.0057736095, 0.0056112637, 0.0055097947, 0.0046980614, 0.0042719007, 0.0040689674, 0.0038660336]]"
25,1,0.31,0.9099999999999999,32716.787109375,0.3664990557550808,,"[['model', 'function', 'set', 'data', 'network', 'algorithm', 'learning', 'using', 'distribution', 'variable']]","[[0.010941832, 0.008224154, 0.005790411, 0.0057701305, 0.0056078797, 0.005506475, 0.0046952274, 0.0042693224, 0.004066511, 0.0038637]]"
25,1,0.31,5.0,32716.99609375,0.3664990557550808,,"[['model', 'function', 'set', 'data', 'network', 'algorithm', 'learning', 'using', 'distribution', 'variable']]","[[0.0109411, 0.0082236035, 0.005790024, 0.005769744, 0.0056075067, 0.0055061067, 0.0046949135, 0.0042690374, 0.004066239, 0.0038634415]]"
25,1,0.31,10.0,32716.986328125,0.3664990557550808,,"[['model', 'function', 'set', 'data', 'network', 'algorithm', 'learning', 'using', 'distribution', 'variable']]","[[0.010941106, 0.008223608, 0.0057900273, 0.0057697473, 0.00560751, 0.0055061094, 0.0046949163, 0.0042690397, 0.0040662414, 0.0038634439]]"
25,1,0.61,0.01,19025.75,0.3433701396048826,,"[['set', 'network', 'algorithm', 'learning', 'using', 'distribution', 'one', 'neural', 'value', 'feature']]","[[0.010145338, 0.009825762, 0.009648224, 0.008227898, 0.007482226, 0.007127144, 0.006701047, 0.0065235067, 0.005990885, 0.0056358036]]"
25,1,0.61,0.31,32638.09375,0.3664990557550808,,"[['model', 'function', 'set', 'data', 'network', 'algorithm', 'learning', 'using', 'distribution', 'variable']]","[[0.010973285, 0.008247809, 0.0058070775, 0.0057867393, 0.0056240237, 0.0055223275, 0.0047087506, 0.004281623, 0.0040782294, 0.0038748356]]"
25,1,0.61,0.61,32701.544921875,0.3664990557550808,,"[['model', 'function', 'set', 'data', 'network', 'algorithm', 'learning', 'using', 'distribution', 'variable']]","[[0.010947633, 0.008228517, 0.005793487, 0.005773194, 0.0056108595, 0.0055094007, 0.0046977233, 0.0042715943, 0.0040686755, 0.0038657556]]"
25,1,0.61,0.9099999999999999,32719.376953125,0.3664990557550808,,"[['model', 'function', 'set', 'data', 'network', 'algorithm', 'learning', 'using', 'distribution', 'variable']]","[[0.010940684, 0.008223292, 0.0057898047, 0.005769525, 0.005607292, 0.005505897, 0.004694735, 0.0042688744, 0.0040660845, 0.0038632934]]"
25,1,0.61,5.0,32716.9765625,0.3664990557550808,,"[['model', 'function', 'set', 'data', 'network', 'algorithm', 'learning', 'using', 'distribution', 'variable']]","[[0.010941108, 0.008223609, 0.0057900283, 0.0057697482, 0.005607511, 0.0055061104, 0.0046949172, 0.0042690407, 0.004066242, 0.0038634443]]"
25,1,0.61,10.0,32716.970703125,0.3664990557550808,,"[['model', 'function', 'set', 'data', 'network', 'algorithm', 'learning', 'using', 'distribution', 'variable']]","[[0.010941111, 0.008223611, 0.0057900297, 0.0057697496, 0.0056075123, 0.005506112, 0.004694918, 0.0042690416, 0.0040662433, 0.0038634453]]"
25,1,0.9099999999999999,0.01,18037.470703125,0.3355478304794726,,"[['algorithm', 'learning', 'using', 'distribution', 'one', 'neural', 'value', 'method', 'parameter', 'figure']]","[[0.010172484, 0.008675064, 0.007888916, 0.007514559, 0.0070653316, 0.006878154, 0.0063166204, 0.006204314, 0.005979701, 0.005904829]]"
25,1,0.9099999999999999,0.31,32632.04296875,0.3664990557550808,,"[['model', 'function', 'set', 'data', 'network', 'algorithm', 'learning', 'using', 'distribution', 'variable']]","[[0.010975484, 0.008249463, 0.005808245, 0.0057879, 0.0056251525, 0.005523436, 0.0047096955, 0.0042824834, 0.004079048, 0.0038756132]]"
25,1,0.9099999999999999,0.61,32692.826171875,0.3664990557550808,,"[['model', 'function', 'set', 'data', 'network', 'algorithm', 'learning', 'using', 'distribution', 'variable']]","[[0.010949944, 0.008230255, 0.005794712, 0.0057744165, 0.005612048, 0.0055105654, 0.004698719, 0.0042724996, 0.0040695374, 0.0038665747]]"
25,1,0.9099999999999999,0.9099999999999999,32718.33984375,0.3664990557550808,,"[['model', 'function', 'set', 'data', 'network', 'algorithm', 'learning', 'using', 'distribution', 'variable']]","[[0.010941148, 0.008223641, 0.00579005, 0.00576977, 0.00560753, 0.005506131, 0.0046949345, 0.004269056, 0.004066257, 0.0038634578]]"
25,1,0.9099999999999999,5.0,32716.951171875,0.3664990557550808,,"[['model', 'function', 'set', 'data', 'network', 'algorithm', 'learning', 'using', 'distribution', 'variable']]","[[0.010941116, 0.008223616, 0.005790033, 0.005769753, 0.0056075156, 0.005506115, 0.004694921, 0.004269044, 0.004066245, 0.0038634473]]"
25,1,0.9099999999999999,10.0,32716.984375,0.3664990557550808,,"[['model', 'function', 'set', 'data', 'network', 'algorithm', 'learning', 'using', 'distribution', 'variable']]","[[0.010941107, 0.008223608, 0.005790028, 0.005769748, 0.0056075105, 0.00550611, 0.004694917, 0.00426904, 0.004066242, 0.003863444]]"
25,1,5.0,0.01,18088.541015625,0.3571723074388735,,"[['function', 'set', 'using', 'variable', 'one', 'problem', 'method', 'figure', 'number', 'result']]","[[0.015140629, 0.010662613, 0.007863856, 0.0071175178, 0.007042885, 0.006968253, 0.006184599, 0.005886064, 0.0057741133, 0.0054755784]]"
25,1,5.0,0.31,32645.556640625,0.3664990557550808,,"[['model', 'function', 'set', 'data', 'network', 'algorithm', 'learning', 'using', 'distribution', 'variable']]","[[0.010969591, 0.00824503, 0.0058051213, 0.0057847886, 0.005622128, 0.0055204653, 0.0047071623, 0.0042801793, 0.0040768543, 0.0038735282]]"
25,1,5.0,0.61,32693.474609375,0.3664990557550808,,"[['model', 'function', 'set', 'data', 'network', 'algorithm', 'learning', 'using', 'distribution', 'variable']]","[[0.010949294, 0.008229767, 0.005794371, 0.0057740747, 0.0056117163, 0.0055102413, 0.004698441, 0.004272247, 0.004069296, 0.003866348]]"
25,1,5.0,0.9099999999999999,32718.4375,0.3664990557550808,,"[['model', 'function', 'set', 'data', 'network', 'algorithm', 'learning', 'using', 'distribution', 'variable']]","[[0.01094121, 0.008223688, 0.005790083, 0.0057698037, 0.005607562, 0.0055061625, 0.0046949615, 0.0042690807, 0.00406628, 0.00386348]]"
25,1,5.0,5.0,32716.9765625,0.3664990557550808,,"[['model', 'function', 'set', 'data', 'network', 'algorithm', 'learning', 'using', 'distribution', 'variable']]","[[0.01094111, 0.008223611, 0.005790029, 0.005769749, 0.005607512, 0.0055061113, 0.0046949177, 0.004269041, 0.004066243, 0.003863445]]"
25,1,5.0,10.0,32717.021484375,0.3664990557550808,,"[['model', 'function', 'set', 'data', 'network', 'algorithm', 'learning', 'using', 'distribution', 'variable']]","[[0.010941096, 0.0082236, 0.0057900217, 0.005769742, 0.005607505, 0.0055061043, 0.0046949117, 0.0042690355, 0.0040662377, 0.0038634401]]"
25,1,10.0,0.01,19429.126953125,0.30233683487796614,,"[['function', 'set', 'network', 'algorithm', 'using', 'distribution', 'problem', 'state', 'neural', 'value']]","[[0.0141072245, 0.00993465, 0.009621704, 0.0094478475, 0.0073267883, 0.006979074, 0.0064922734, 0.0064575016, 0.0063879592, 0.0058663865]]"
25,1,10.0,0.31,32651.8828125,0.3664990557550808,,"[['model', 'function', 'set', 'data', 'network', 'algorithm', 'learning', 'using', 'distribution', 'variable']]","[[0.010967253, 0.008243267, 0.0058038817, 0.0057835523, 0.005620927, 0.0055192863, 0.0047061564, 0.004279264, 0.004075981, 0.0038726986]]"
25,1,10.0,0.61,32693.703125,0.3664990557550808,,"[['model', 'function', 'set', 'data', 'network', 'algorithm', 'learning', 'using', 'distribution', 'variable']]","[[0.010950353, 0.008230561, 0.005794927, 0.0057746293, 0.0056122546, 0.0055107703, 0.004698891, 0.004272656, 0.0040696864, 0.0038667168]]"
25,1,10.0,0.9099999999999999,32785.32421875,0.3664990557550808,,"[['model', 'function', 'set', 'data', 'network', 'algorithm', 'learning', 'using', 'distribution', 'variable']]","[[0.010921423, 0.008208842, 0.005779619, 0.005759367, 0.005597433, 0.0054962165, 0.0046864725, 0.0042612827, 0.004058928, 0.0038564974]]"
25,1,10.0,5.0,32716.986328125,0.3664990557550808,,"[['model', 'function', 'set', 'data', 'network', 'algorithm', 'learning', 'using', 'distribution', 'variable']]","[[0.010941106, 0.008223608, 0.0057900273, 0.0057697473, 0.00560751, 0.0055061094, 0.0046949163, 0.0042690397, 0.0040662414, 0.0038634439]]"
25,1,10.0,10.0,32717.01171875,0.3664990557550808,,"[['model', 'function', 'set', 'data', 'network', 'algorithm', 'learning', 'using', 'distribution', 'variable']]","[[0.0109410975, 0.008223602, 0.0057900227, 0.005769743, 0.005607506, 0.0055061053, 0.0046949126, 0.0042690365, 0.004066238, 0.0038634406]]"
25,4,0.01,0.01,-33585.3828125,0.3000556585168781,,"[['algorithm', 'variable', 'method', 'number', 'probability', 'input', 'let', 'entropy', 'training', 'analysis'], ['model', 'network', 'distribution', 'state', 'value', 'linear', 'used', 'show', 'also', 'weight'], ['set', 'one', 'result', 'vector', 'given', 'neuron', 'error', 'system', 'rate', 'information'], ['data', 'learning', 'using', 'problem', 'neural', 'parameter', 'feature', 'case', 'two', 'figure']]","[[0.026180346, 0.018366683, 0.015890874, 0.01482546, 0.013642637, 0.012874523, 0.011331155, 0.011144533, 0.010266604, 0.0097896205], [0.043970797, 0.022537326, 0.016239721, 0.015125878, 0.013732739, 0.012268713, 0.0115560675, 0.011192608, 0.010390871, 0.009819663], [0.025580179, 0.016888496, 0.013029309, 0.012858071, 0.012500371, 0.011522389, 0.010262297, 0.0102614965, 0.010090083, 0.0099911885], [0.02188902, 0.017808367, 0.016194442, 0.014349881, 0.014116733, 0.012271954, 0.012203734, 0.011349376, 0.011271924, 0.011245946]]"
25,4,0.01,0.31,33327.92578125,0.39053118287691857,,"[['function', 'network', 'linear', 'gradient', 'model', 'tree', 'one', 'probability', 'harmony', 'set'], ['function', 'model', 'algorithm', 'convex', 'linear', 'xi', 'relaxation', 'network', 'set', 'ft'], ['data', 'model', 'set', 'entropy', 'missing', 'distribution', 'variable', 'sample', 'algorithm', 'estimator'], ['model', 'feature', 'network', 'state', 'learning', 'neuron', 'parameter', 'function', 'weight', 'neural']]","[[0.013086606, 0.006379004, 0.005846536, 0.0056336205, 0.0054198406, 0.0053141676, 0.005313053, 0.0053112977, 0.0052076867, 0.004988724], [0.014635391, 0.012299723, 0.008783993, 0.0061588627, 0.006023053, 0.0058527878, 0.0057439213, 0.0050807665, 0.005056362, 0.004971006], [0.011966451, 0.007601413, 0.007355089, 0.007238305, 0.006918466, 0.006838119, 0.006814338, 0.006562094, 0.0064782365, 0.005578291], [0.014438688, 0.008334683, 0.0076461947, 0.007394511, 0.007270142, 0.0071880133, 0.0061448948, 0.0056320424, 0.0055129137, 0.005436701]]"
25,4,0.01,0.61,34756.4765625,0.4010733522442921,,"[['feature', 'algorithm', 'set', 'function', 'gradient', 'data', 'one', 'problem', 'estimator', 'method'], ['function', 'state', 'model', 'relaxation', 'linear', 'transition', 'xi', 'variable', 'distribution', 'number'], ['model', 'data', 'network', 'missing', 'set', 'cache', 'algorithm', 'variable', 'language', 'neural'], ['neuron', 'network', 'weight', 'function', 'input', 'parameter', 'learning', 'neural', 'model', 'rate']]","[[0.009142896, 0.00866359, 0.00805853, 0.006145545, 0.0059124622, 0.005726031, 0.005492509, 0.0050019873, 0.0048356494, 0.00477412], [0.019083228, 0.016619656, 0.015564522, 0.007486278, 0.0071813725, 0.006918378, 0.006669036, 0.00616517, 0.006044821, 0.0055751554], [0.019939283, 0.009368549, 0.008971153, 0.006348338, 0.0063483375, 0.005950942, 0.005633026, 0.004997192, 0.0049971915, 0.0048382324], [0.009022296, 0.007977237, 0.007454708, 0.007305413, 0.007230766, 0.006558943, 0.006409648, 0.0062603536, 0.00611106, 0.00536459]]"
25,4,0.01,0.9099999999999999,33577.859375,0.36943280304318,,"[['data', 'model', 'set', 'state', 'algorithm', 'entropy', 'variable', 'function', 'distribution', 'estimator'], ['feature', 'network', 'function', 'model', 'one', 'gradient', 'neural', 'method', 'vector', 'algorithm'], ['function', 'xi', 'relaxation', 'algorithm', 'linear', 'space', 'sn', 'bisubmodular', 'set', 'theorem'], ['model', 'learning', 'input', 'network', 'neural', 'distribution', 'weight', 'cache', 'value', 'using']]","[[0.011305374, 0.009500669, 0.007433751, 0.0074058464, 0.007031223, 0.00670167, 0.006407437, 0.006046058, 0.006038507, 0.005482552], [0.0104163885, 0.010143803, 0.006532047, 0.0061913156, 0.005646145, 0.0055098524, 0.0055098524, 0.0051691206, 0.0051691206, 0.0047602425], [0.021847824, 0.008919722, 0.008786443, 0.008519884, 0.007720207, 0.0075869276, 0.0069205305, 0.006520692, 0.006254133, 0.005454457], [0.020670021, 0.007318863, 0.0069834357, 0.006375048, 0.0060813637, 0.0057519963, 0.0054507675, 0.0053807576, 0.005365784, 0.005111524]]"
25,4,0.01,5.0,33797.30859375,0.35403795379439434,,"[['model', 'function', 'cache', 'relaxation', 'language', 'set', 'gradient', 'xi', 'data', 'bisubmodular'], ['model', 'data', 'network', 'entropy', 'missing', 'variance', 'set', 'parameter', 'variable', 'using'], ['state', 'model', 'function', 'network', 'learning', 'process', 'hidden', 'problem', 'vector', 'algorithm'], ['function', 'algorithm', 'feature', 'set', 'neuron', 'rate', 'one', 'eq', 'learning', 'bound']]","[[0.016785, 0.012460538, 0.0075326646, 0.0066275448, 0.005923562, 0.0056218565, 0.0054207183, 0.0052195806, 0.0049178745, 0.0049178745], [0.016533364, 0.01334287, 0.008971787, 0.0077020144, 0.0074099065, 0.0066582747, 0.006606544, 0.0065533156, 0.006512497, 0.0059048003], [0.011486476, 0.008246024, 0.0075029177, 0.00671231, 0.005690329, 0.005339606, 0.005103463, 0.0046034227, 0.0045993184, 0.0044590123], [0.00968141, 0.00949037, 0.009304892, 0.007007086, 0.0067055207, 0.005903525, 0.005061371, 0.0048174276, 0.0047726226, 0.0046125115]]"
25,4,0.01,10.0,34545.34375,0.3829015305785545,,"[['feature', 'function', 'algorithm', 'set', 'one', 'eq', 'rate', 'space', 'distribution', 'method'], ['model', 'state', 'network', 'function', 'neural', 'weight', 'learning', 'linear', 'value', 'parameter'], ['model', 'data', 'entropy', 'distribution', 'cache', 'set', 'variable', 'using', 'missing', 'network'], ['function', 'algorithm', 'relaxation', 'xi', 'convex', 'gradient', 'ft', 'model', 'set', 'bisubmodular']]","[[0.009694447, 0.0071628513, 0.007162851, 0.0064596296, 0.0059673768, 0.0051235114, 0.005053189, 0.0046312567, 0.004631256, 0.0042796466], [0.01174523, 0.011048088, 0.009357017, 0.0081202425, 0.0072082793, 0.0064948723, 0.006414634, 0.0061019333, 0.0060992166, 0.0059728352], [0.022113271, 0.014006995, 0.008878916, 0.007885559, 0.0061062262, 0.0058884677, 0.005745396, 0.005549094, 0.005209179, 0.0051276293], [0.016882664, 0.010249962, 0.0069336104, 0.00672634, 0.006622704, 0.0056899786, 0.0056899786, 0.005275435, 0.0051717996, 0.0050681625]]"
25,4,0.31,0.01,-33546.20703125,0.3099967958667829,,"[['algorithm', 'figure', 'result', 'probability', 'xi', 'time', 'sample', 'missing', 'training', 'entropy'], ['data', 'network', 'state', 'value', 'feature', 'number', 'information', 'ie', 'term', 'estimator'], ['model', 'function', 'set', 'linear', 'case', 'used', 'one', 'input', 'following', 'gradient'], ['distribution', 'variable', 'problem', 'neural', 'method', 'parameter', 'two', 'vector', 'given', 'show']]","[[0.024517631, 0.014223602, 0.013223653, 0.01278238, 0.012601756, 0.0103377765, 0.009982907, 0.009980215, 0.009619888, 0.009253678], [0.02573051, 0.025220767, 0.016932635, 0.015376916, 0.014473219, 0.014099561, 0.010043766, 0.0096274195, 0.008895154, 0.008444034], [0.040069394, 0.032625765, 0.02296939, 0.012114408, 0.011866138, 0.01154462, 0.010814377, 0.010741497, 0.009777169, 0.009456215], [0.016212998, 0.015400218, 0.015078771, 0.014838643, 0.013381222, 0.012897955, 0.011843939, 0.011601485, 0.011274362, 0.011117113]]"
25,4,0.31,0.31,33610.50390625,0.41615696931808654,,"[['network', 'feature', 'neuron', 'learning', 'function', 'weight', 'model', 'parameter', 'input', 'neural'], ['function', 'algorithm', 'model', 'set', 'relaxation', 'prediction', 'theorem', 'xi', 'space', 'sn'], ['model', 'data', 'entropy', 'distribution', 'estimator', 'variance', 'independent', 'analysis', 'gradient', 'sample'], ['model', 'state', 'data', 'variable', 'set', 'missing', 'function', 'value', 'cache', 'problem']]","[[0.010184126, 0.009880462, 0.0072841193, 0.0071650418, 0.0071530426, 0.0069187293, 0.005571433, 0.00542011, 0.005368144, 0.00518193], [0.017969329, 0.009947334, 0.009270852, 0.0074060694, 0.007122471, 0.006930654, 0.00681151, 0.006750075, 0.006619763, 0.0060417927], [0.011943012, 0.00780622, 0.0076590083, 0.0071184738, 0.0060430565, 0.0056162714, 0.005044254, 0.0047407807, 0.0046680947, 0.004572834], [0.015339638, 0.010951339, 0.009485088, 0.0076793344, 0.007454587, 0.006982981, 0.006567415, 0.005755678, 0.005406073, 0.0051907343]]"
25,4,0.31,0.61,34542.73046875,0.3740622902040901,,"[['model', 'function', 'network', 'neuron', 'neural', 'input', 'linear', 'value', 'learning', 'cache'], ['data', 'feature', 'function', 'variable', 'set', 'missing', 'xi', 'estimator', 'problem', 'one'], ['gradient', 'network', 'parameter', 'model', 'learning', 'algorithm', 'vector', 'problem', 'neural', 'process'], ['model', 'algorithm', 'function', 'state', 'distribution', 'set', 'probability', 'bound', 'space', 'sn']]","[[0.02206863, 0.009055546, 0.008675253, 0.008029896, 0.00742164, 0.00668729, 0.006648969, 0.006297683, 0.006012831, 0.005573261], [0.0108665, 0.010094756, 0.009060798, 0.008942642, 0.008160838, 0.007716331, 0.0070327125, 0.0055952407, 0.005531751, 0.005324092], [0.00767538, 0.0075870417, 0.007498705, 0.00652699, 0.006173639, 0.005908626, 0.005113587, 0.004936911, 0.0048485734, 0.0044952226], [0.010331895, 0.010101802, 0.008930901, 0.0086235665, 0.0068320567, 0.006211965, 0.0058994014, 0.0050474615, 0.0048888954, 0.004887935]]"
25,4,0.31,0.9099999999999999,33117.64453125,0.4076226111338444,,"[['model', 'state', 'algorithm', 'function', 'set', 'linear', 'problem', 'value', 'number', 'learning'], ['feature', 'neuron', 'model', 'input', 'current', 'one', 'function', 'eq', 'rate', 'weight'], ['function', 'model', 'data', 'algorithm', 'set', 'network', 'variable', 'theorem', 'missing', 'probability'], ['model', 'network', 'data', 'parameter', 'cache', 'learning', 'distribution', 'using', 'entropy', 'language']]","[[0.011739967, 0.010198558, 0.0077786585, 0.007272024, 0.0068721576, 0.0056436085, 0.005570066, 0.0054320423, 0.0051498692, 0.0049373163], [0.012435794, 0.010651498, 0.00645038, 0.006428223, 0.0063530486, 0.0062919194, 0.0059980475, 0.005818831, 0.005431714, 0.0052685635], [0.013547306, 0.0087477695, 0.007708933, 0.006715449, 0.0064357114, 0.0063060853, 0.0060916557, 0.0057453867, 0.005537346, 0.0048341393], [0.01497686, 0.010086069, 0.007173672, 0.0071138875, 0.006729436, 0.006345534, 0.0061167665, 0.006048096, 0.005854191, 0.005153989]]"
25,4,0.31,5.0,34670.93359375,0.3612077281203703,,"[['function', 'weight', 'neuron', 'relaxation', 'learning', 'xi', 'current', 'activation', 'synapse', 'set'], ['model', 'feature', 'state', 'set', 'one', 'algorithm', 'network', 'cache', 'number', 'method'], ['function', 'parameter', 'algorithm', 'rate', 'set', 'log', 'input', 'network', 'model', 'value'], ['model', 'data', 'missing', 'network', 'entropy', 'variable', 'using', 'distribution', 'case', 'problem']]","[[0.016787183, 0.009120625, 0.0083309375, 0.0074292133, 0.0074222437, 0.0071992427, 0.0068656374, 0.006077116, 0.0057384837, 0.005708608], [0.0129276775, 0.008912621, 0.0070006293, 0.006043916, 0.0058527524, 0.0054049953, 0.0048328196, 0.004769977, 0.00438754, 0.0043867226], [0.014835801, 0.0074129, 0.0068016034, 0.006626947, 0.005928321, 0.0052296943, 0.005055038, 0.0049677095, 0.0048803813, 0.0048803813], [0.016371854, 0.012055992, 0.007040869, 0.0065233745, 0.006458686, 0.00621064, 0.006010991, 0.005212361, 0.0050534764, 0.0050399443]]"
25,4,0.31,10.0,34768.34375,0.3558413840318989,,"[['model', 'function', 'feature', 'entropy', 'data', 'distribution', 'one', 'set', 'using', 'cache'], ['model', 'state', 'function', 'linear', 'process', 'value', 'transition', 'figure', 'network', 'neural'], ['function', 'data', 'algorithm', 'set', 'variable', 'missing', 'network', 'learning', 'loss', 'ft'], ['algorithm', 'network', 'set', 'parameter', 'learning', 'problem', 'vector', 'function', 'neural', 'neuron']]","[[0.017287863, 0.009464287, 0.008669717, 0.007069201, 0.006268869, 0.006145826, 0.005468588, 0.0054060523, 0.0050375876, 0.00460687], [0.01544575, 0.013535155, 0.007639162, 0.007618076, 0.0068451455, 0.006841195, 0.005362846, 0.0051980275, 0.0049391384, 0.0048571955], [0.01040366, 0.009763541, 0.008820429, 0.007663439, 0.0071395235, 0.0066107, 0.006085372, 0.005664885, 0.005561611, 0.0053496137], [0.009222644, 0.0068894094, 0.0066152792, 0.0052056457, 0.005202985, 0.00506408, 0.0049237185, 0.004552448, 0.0043482305, 0.004284504]]"
25,4,0.61,0.01,-33603.36328125,0.32072305396246265,,"[['data', 'variable', 'number', 'input', 'neuron', 'entropy', 'training', 'missing', 'analysis', 'size'], ['model', 'one', 'value', 'linear', 'probability', 'gradient', 'let', 'error', 'information', 'prediction'], ['algorithm', 'learning', 'using', 'distribution', 'problem', 'parameter', 'case', 'vector', 'xi', 'given'], ['function', 'set', 'network', 'neural', 'state', 'method', 'result', 'two', 'used', 'also']]","[[0.02503763, 0.0167631, 0.013594858, 0.01174873, 0.01131512, 0.010170351, 0.009305732, 0.009176471, 0.008935188, 0.008930506], [0.048312947, 0.01689347, 0.015095392, 0.0134915, 0.012684565, 0.010532967, 0.010532538, 0.010103174, 0.009992698, 0.00946023], [0.021534372, 0.018363813, 0.016698468, 0.015905175, 0.014793427, 0.012655298, 0.011700237, 0.011386162, 0.011063467, 0.010945326], [0.033284687, 0.024541896, 0.023769645, 0.015746405, 0.015386433, 0.01422671, 0.0125944875, 0.012593973, 0.012248303, 0.0109607205]]"
25,4,0.61,0.31,32079.0390625,0.39881565164785115,,"[['data', 'model', 'algorithm', 'set', 'missing', 'variable', 'error', 'prediction', 'theorem', 'function'], ['model', 'network', 'neuron', 'parameter', 'function', 'distribution', 'activation', 'neural', 'learning', 'weight'], ['function', 'model', 'feature', 'value', 'xi', 'set', 'one', 'method', 'cache', 'variable'], ['state', 'gradient', 'algorithm', 'model', 'hidden', 'data', 'vector', 'entropy', 'using', 'number']]","[[0.009340799, 0.009067506, 0.0077571175, 0.0077427546, 0.0075122467, 0.0056047733, 0.005517123, 0.005301323, 0.0052595716, 0.004945757], [0.012080183, 0.011674097, 0.010400265, 0.008319409, 0.007986286, 0.00687616, 0.0063326303, 0.00600608, 0.0052422676, 0.0050113723], [0.013451172, 0.012015619, 0.009579545, 0.0060363174, 0.005988233, 0.0058186264, 0.0053190524, 0.0052936557, 0.005127295, 0.004844316], [0.009662334, 0.009246793, 0.008806782, 0.008600582, 0.00673086, 0.006048735, 0.0055123316, 0.0055035427, 0.00546002, 0.0053490624]]"
25,4,0.61,0.61,-47143.4296875,0.31548970312554486,,"[['data', 'show', 'method', 'probability', 'xi', 'case', 'matrix', 'parameter', 'activation', 'order'], ['model', 'figure', 'input', 'algorithm', 'entropy', 'size', 'neuron', 'set', 'random', 'state'], ['model', 'feature', 'problem', 'algorithm', 'distribution', 'gradient', 'system', 'used', 'since', 'missing'], ['function', 'network', 'set', 'using', 'learning', 'number', 'state', 'neural', 'variable', 'one']]","[[0.0131692765, 0.009955699, 0.0089672385, 0.007858364, 0.0071704523, 0.0066930978, 0.0061288867, 0.005881421, 0.005790981, 0.0054588798], [0.016404934, 0.012983984, 0.01053653, 0.00988682, 0.009525096, 0.0081357155, 0.0060488977, 0.005763958, 0.0055322596, 0.005445293], [0.023296386, 0.011919741, 0.009405213, 0.008826365, 0.008602883, 0.008292995, 0.0076445197, 0.006768479, 0.006340326, 0.0058341883], [0.02125177, 0.01592575, 0.013857675, 0.01122035, 0.010180774, 0.008840632, 0.007876389, 0.007824572, 0.0075380686, 0.00675896]]"
25,4,0.61,0.9099999999999999,34556.72265625,0.34167899421696923,,"[['function', 'gradient', 'linear', 'algorithm', 'xi', 'set', 'relaxation', 'model', 'problem', 'value'], ['feature', 'state', 'set', 'algorithm', 'number', 'space', 'one', 'sn', 'problem', 'method'], ['model', 'data', 'network', 'neuron', 'parameter', 'function', 'variable', 'using', 'algorithm', 'neural'], ['model', 'network', 'data', 'set', 'variance', 'function', 'using', 'estimator', 'learning', 'cache']]","[[0.017069416, 0.006511232, 0.005501994, 0.0054243593, 0.0054243593, 0.005269092, 0.005191459, 0.004958556, 0.0042598546, 0.0041822204], [0.0135257775, 0.010423946, 0.0072233533, 0.006771834, 0.005909653, 0.0056709363, 0.0055270274, 0.005457172, 0.005231139, 0.005110571], [0.012352187, 0.008931194, 0.00767409, 0.0074650007, 0.006276103, 0.005507776, 0.0048791096, 0.004877082, 0.004794026, 0.0045998716], [0.01810432, 0.009401819, 0.007199863, 0.0060392977, 0.006004808, 0.005765263, 0.005719663, 0.0055801217, 0.0054972246, 0.005297227]]"
25,4,0.61,5.0,34810.14453125,0.34856227439257326,,"[['model', 'data', 'set', 'missing', 'distribution', 'network', 'variable', 'parameter', 'algorithm', 'cache'], ['state', 'algorithm', 'network', 'learning', 'model', 'variance', 'estimator', 'set', 'data', 'input'], ['function', 'relaxation', 'neuron', 'current', 'gradient', 'xi', 'weight', 'synapse', 'rule', 'set'], ['model', 'feature', 'linear', 'method', 'function', 'network', 'one', 'algorithm', 'basis', 'neural']]","[[0.012082802, 0.009771048, 0.007070705, 0.0061343187, 0.00580532, 0.005803979, 0.005612603, 0.005475156, 0.0052132527, 0.004945094], [0.008019272, 0.0058612614, 0.0057998216, 0.00560181, 0.005536367, 0.004885073, 0.004753675, 0.0045482176, 0.004426008, 0.0043636174], [0.021191824, 0.007472997, 0.006906103, 0.006339209, 0.0059990725, 0.0057723154, 0.005772315, 0.005772315, 0.005658936, 0.0056589358], [0.018675106, 0.012446734, 0.008431079, 0.0069559384, 0.006792034, 0.0058086067, 0.005234942, 0.0048251804, 0.0048251804, 0.0048251804]]"
25,4,0.61,10.0,34845.69140625,0.3724471170939394,,"[['model', 'state', 'network', 'cache', 'function', 'language', 'set', 'neural', 'algorithm', 'using'], ['model', 'network', 'entropy', 'function', 'data', 'parameter', 'algorithm', 'distribution', 'learning', 'using'], ['function', 'feature', 'algorithm', 'space', 'method', 'set', 'xi', 'one', 'relaxation', 'variable'], ['data', 'neuron', 'set', 'missing', 'variable', 'model', 'learning', 'problem', 'neural', 'case']]","[[0.02533234, 0.011079686, 0.010245768, 0.007028749, 0.0060963556, 0.006090248, 0.005722594, 0.005629533, 0.0056217965, 0.005343342], [0.010949153, 0.0077492916, 0.0071325176, 0.006986479, 0.006919573, 0.0068423245, 0.005788274, 0.005364568, 0.005362313, 0.005078761], [0.014462146, 0.010536195, 0.006071381, 0.005994401, 0.005840442, 0.005840442, 0.0055325245, 0.0053015854, 0.005147627, 0.004762729], [0.008948797, 0.008147603, 0.006763724, 0.0067637237, 0.006253874, 0.0057440237, 0.0052341735, 0.0051613376, 0.004578652, 0.0045058155]]"
25,4,0.9099999999999999,0.01,-33408.1171875,0.3445047986782165,,"[['algorithm', 'learning', 'problem', 'value', 'feature', 'figure', 'show', 'also', 'following', 'approach'], ['model', 'function', 'variable', 'method', 'number', 'two', 'used', 'xi', 'let', 'estimate'], ['using', 'distribution', 'state', 'set', 'parameter', 'linear', 'case', 'given', 'neuron', 'weight'], ['data', 'one', 'neural', 'result', 'vector', 'probability', 'input', 'use', 'entropy', 'error']]","[[0.023726532, 0.02023101, 0.016298704, 0.014722842, 0.01386065, 0.013757478, 0.012015957, 0.01114215, 0.010620031, 0.010269907], [0.044107873, 0.033153452, 0.015577543, 0.013531397, 0.0126317935, 0.011862296, 0.011733289, 0.011408216, 0.009609208, 0.009116766], [0.01856308, 0.017679773, 0.016358752, 0.014794187, 0.014068609, 0.013272541, 0.013007081, 0.012302586, 0.011342079, 0.010634726], [0.021711644, 0.01678306, 0.016340002, 0.013045714, 0.012783824, 0.012599522, 0.011060576, 0.010465748, 0.010286813, 0.010199018]]"
25,4,0.9099999999999999,0.31,34315.375,0.3544566916036716,,"[['model', 'network', 'distribution', 'vector', 'set', 'learning', 'using', 'neural', 'algorithm', 'data'], ['state', 'learning', 'weight', 'model', 'input', 'algorithm', 'data', 'rate', 'neuron', 'probability'], ['function', 'network', 'relaxation', 'set', 'parameter', 'linear', 'neuron', 'xi', 'algorithm', 'bisubmodular'], ['feature', 'data', 'set', 'variable', 'missing', 'gradient', 'case', 'method', 'problem', 'one']]","[[0.023712188, 0.008488043, 0.0068911477, 0.005767202, 0.005220698, 0.0051664948, 0.0050490797, 0.004992004, 0.004986048, 0.004970647], [0.008481727, 0.006466975, 0.0061074346, 0.00603543, 0.006035401, 0.0053154044, 0.004811531, 0.0045959437, 0.0043086414, 0.00430781], [0.022401307, 0.0076446417, 0.0060770493, 0.005708138, 0.005708138, 0.005615908, 0.005614817, 0.0054314537, 0.0051546013, 0.0045091733], [0.013194435, 0.009886206, 0.009139829, 0.008869141, 0.008652192, 0.0071383445, 0.006440756, 0.0062209317, 0.0060330406, 0.0057852506]]"
25,4,0.9099999999999999,0.61,34524.68359375,0.3911309472492962,,"[['network', 'data', 'missing', 'parameter', 'variable', 'function', 'process', 'model', 'value', 'weight'], ['model', 'function', 'entropy', 'data', 'distribution', 'using', 'cache', 'network', 'linear', 'relaxation'], ['model', 'state', 'input', 'neural', 'learning', 'algorithm', 'network', 'probability', 'neuron', 'rate'], ['feature', 'algorithm', 'set', 'function', 'method', 'one', 'learning', 'convex', 'loss', 'ft']]","[[0.009153638, 0.008381426, 0.0070334487, 0.0064248648, 0.006398767, 0.006341243, 0.0053672115, 0.0051344153, 0.005114244, 0.0050643967], [0.01818454, 0.012499266, 0.007923064, 0.0076319408, 0.006467456, 0.0057388935, 0.0054485304, 0.005011216, 0.00500631, 0.0047935075], [0.013742476, 0.009616733, 0.006178613, 0.006178613, 0.005949405, 0.005108976, 0.0049561705, 0.00465056, 0.0045741573, 0.0045741573], [0.013141259, 0.011634985, 0.008897597, 0.00863536, 0.0062096626, 0.006034275, 0.0059422804, 0.0053206235, 0.0052156616, 0.0047801896]]"
25,4,0.9099999999999999,0.9099999999999999,34742.90625,0.3699313624531133,,"[['model', 'data', 'distribution', 'entropy', 'network', 'using', 'variable', 'missing', 'cache', 'set'], ['function', 'algorithm', 'network', 'learning', 'set', 'parameter', 'xi', 'relaxation', 'problem', 'convex'], ['feature', 'state', 'function', 'network', 'algorithm', 'model', 'neuron', 'one', 'set', 'space'], ['function', 'value', 'set', 'linear', 'rate', 'input', 'model', 'learning', 'rule', 'current']]","[[0.023900606, 0.012305601, 0.008244072, 0.007130428, 0.006540851, 0.0060822917, 0.005230681, 0.0051651723, 0.0049031386, 0.004706613], [0.014858293, 0.00979089, 0.0074693356, 0.006351819, 0.005840695, 0.0058390847, 0.005770489, 0.0056614615, 0.005593, 0.0054221856], [0.010735819, 0.008788706, 0.006121705, 0.0059837434, 0.0056720376, 0.005667705, 0.005424066, 0.005283874, 0.004350622, 0.0042727543], [0.010298546, 0.008760287, 0.007635676, 0.005691887, 0.0056191743, 0.00561125, 0.005523571, 0.005520844, 0.0050997958, 0.0046917256]]"
25,4,0.9099999999999999,5.0,34532.79296875,0.3965077740223584,,"[['model', 'input', 'function', 'rate', 'prediction', 'neural', 'network', 'rule', 'weight', 'learning'], ['algorithm', 'set', 'gradient', 'data', 'sn', 'entropy', 'space', 'case', 'sample', 'estimator'], ['feature', 'state', 'network', 'data', 'set', 'model', 'variable', 'parameter', 'one', 'number'], ['model', 'function', 'distribution', 'network', 'neuron', 'learning', 'cache', 'neural', 'xi', 'set']]","[[0.0139843, 0.009116716, 0.008913901, 0.0067843334, 0.0066829245, 0.0062772925, 0.005770253, 0.005668846, 0.005668845, 0.005567437], [0.010178188, 0.007150441, 0.0069542867, 0.0063100117, 0.0055403407, 0.0054462664, 0.005388097, 0.0050027873, 0.00486498, 0.004856094], [0.009906865, 0.007492828, 0.007427525, 0.007089596, 0.0069634328, 0.00631378, 0.0061149593, 0.0058612893, 0.005060259, 0.0050119706], [0.017654357, 0.013573066, 0.0068771876, 0.005346701, 0.0052191606, 0.005155391, 0.0049003093, 0.004645229, 0.0045814584, 0.004390148]]"
25,4,0.9099999999999999,10.0,34594.4609375,0.31986694713067826,,"[['model', 'data', 'set', 'algorithm', 'function', 'entropy', 'distribution', 'variance', 'learning', 'using'], ['feature', 'state', 'model', 'one', 'tree', 'transition', 'network', 'harmony', 'function', 'method'], ['model', 'network', 'algorithm', 'learning', 'function', 'parameter', 'set', 'cache', 'number', 'vector'], ['function', 'neuron', 'data', 'variable', 'model', 'relaxation', 'missing', 'xi', 'rate', 'process']]","[[0.012273462, 0.0073860018, 0.007060426, 0.006837566, 0.005767587, 0.005616385, 0.005373642, 0.00494818, 0.0047629857, 0.0046093594], [0.017240074, 0.01386506, 0.0072400314, 0.0069900295, 0.0067400285, 0.0066150283, 0.0064900275, 0.006115026, 0.005615024, 0.005490023], [0.01296936, 0.0075549847, 0.0073424713, 0.006602427, 0.0063785496, 0.005485006, 0.0054176166, 0.0052154954, 0.0045920084, 0.004590967], [0.015013703, 0.00910115, 0.008151786, 0.0075997356, 0.006621537, 0.0061179413, 0.0057541733, 0.005752093, 0.005666145, 0.005576506]]"
25,4,5.0,0.01,-33718.1328125,0.3269956452731966,,"[['one', 'set', 'feature', 'vector', 'input', 'let', 'missing', 'matrix', 'ie', 'size'], ['model', 'algorithm', 'learning', 'using', 'method', 'figure', 'number', 'linear', 'result', 'two'], ['function', 'distribution', 'used', 'variable', 'gradient', 'entropy', 'time', 'error', 'system', 'rate'], ['network', 'data', 'state', 'neural', 'value', 'parameter', 'case', 'given', 'weight', 'set']]","[[0.01788229, 0.015749155, 0.015049735, 0.0136136245, 0.012659802, 0.011145737, 0.010484441, 0.01018748, 0.010005961, 0.009626685], [0.040934, 0.020601308, 0.017564325, 0.015971078, 0.012557657, 0.011948709, 0.011722896, 0.011414317, 0.011116513, 0.011113053], [0.03739446, 0.018489616, 0.013232725, 0.013089078, 0.010838803, 0.010656087, 0.010560776, 0.010560734, 0.010559052, 0.010377999], [0.022038009, 0.020404084, 0.014785657, 0.014625093, 0.0134288175, 0.012713706, 0.011754127, 0.011116375, 0.009610457, 0.009519183]]"
25,4,5.0,0.31,33908.765625,0.38338140331651327,,"[['function', 'gradient', 'algorithm', 'model', 'relaxation', 'network', 'rate', 'rule', 'set', 'xi'], ['state', 'network', 'parameter', 'model', 'neuron', 'neural', 'function', 'training', 'transition', 'set'], ['model', 'network', 'entropy', 'data', 'distribution', 'neural', 'learning', 'algorithm', 'using', 'cache'], ['feature', 'variable', 'function', 'data', 'value', 'set', 'method', 'missing', 'problem', 'algorithm']]","[[0.017446665, 0.006817359, 0.006710839, 0.0066724652, 0.0058743358, 0.005766161, 0.0056068664, 0.005605515, 0.0054574744, 0.005395531], [0.011360963, 0.008737636, 0.0078051835, 0.0072970013, 0.0071531, 0.0062422566, 0.0061211586, 0.006030718, 0.005294491, 0.005112364], [0.022400143, 0.0074329134, 0.0073923212, 0.007186805, 0.0068490314, 0.0058663813, 0.005861734, 0.005820454, 0.0054884222, 0.005219157], [0.009743513, 0.007736928, 0.0074578812, 0.0074007898, 0.0067734616, 0.0065243146, 0.006240773, 0.0059667653, 0.005187207, 0.0046568653]]"
25,4,5.0,0.61,32672.64453125,0.384166229154009,,"[['function', 'variable', 'data', 'value', 'xi', 'missing', 'network', 'set', 'linear', 'problem'], ['feature', 'algorithm', 'set', 'gradient', 'one', 'method', 'function', 'sn', 'space', 'eq'], ['network', 'learning', 'algorithm', 'function', 'parameter', 'set', 'variance', 'estimator', 'data', 'using'], ['model', 'state', 'distribution', 'cache', 'network', 'process', 'neural', 'data', 'parameter', 'language']]","[[0.0150591275, 0.008464694, 0.0077124536, 0.007141215, 0.0066991225, 0.006424644, 0.0056793517, 0.005147518, 0.004920457, 0.0048872423], [0.011361919, 0.009316942, 0.006535228, 0.00620774, 0.005962481, 0.005798678, 0.0056354357, 0.0048176325, 0.004326417, 0.0040806183], [0.007824074, 0.0077661453, 0.0073246327, 0.006652034, 0.0060216654, 0.0060195313, 0.0056859856, 0.005573341, 0.005568258, 0.0052040336], [0.03306219, 0.010561617, 0.009383758, 0.006796767, 0.006525262, 0.006325728, 0.0058370815, 0.00563265, 0.0055553126, 0.0055261725]]"
25,4,5.0,0.9099999999999999,34554.33203125,0.34600017498051183,,"[['model', 'feature', 'linear', 'function', 'distribution', 'network', 'value', 'method', 'cache', 'one'], ['algorithm', 'data', 'missing', 'set', 'variable', 'problem', 'case', 'theorem', 'convex', 'sn'], ['function', 'network', 'parameter', 'neuron', 'model', 'set', 'relaxation', 'gradient', 'neural', 'xi'], ['state', 'network', 'variance', 'data', 'estimator', 'model', 'learning', 'using', 'independent', 'entropy']]","[[0.024353359, 0.009923902, 0.0066573266, 0.006179612, 0.0060254936, 0.0060077445, 0.0057358495, 0.005591573, 0.0053117345, 0.0052355872], [0.011514351, 0.008473203, 0.00759287, 0.00751284, 0.006472447, 0.0063123866, 0.005352024, 0.005111933, 0.004871843, 0.0047918125], [0.017414656, 0.0066835647, 0.00628863, 0.0060852407, 0.0058548297, 0.0052724876, 0.005254272, 0.0049234754, 0.004563612, 0.0043899873], [0.009900301, 0.0066241683, 0.0062146517, 0.0061327484, 0.0059689423, 0.005968942, 0.0056413286, 0.004986102, 0.004822295, 0.004822295]]"
25,4,5.0,5.0,34615.1875,0.38765598315160105,,"[['function', 'feature', 'xi', 'set', 'one', 'network', 'problem', 'relaxation', 'variable', 'case'], ['model', 'state', 'algorithm', 'distribution', 'function', 'parameter', 'learning', 'process', 'hidden', 'matrix'], ['model', 'network', 'data', 'function', 'using', 'neural', 'linear', 'variable', 'set', 'missing'], ['algorithm', 'set', 'function', 'space', 'sn', 'learning', 'independent', 'theorem', 'probability', 'error']]","[[0.012673584, 0.010936878, 0.0070367395, 0.006300107, 0.0056944587, 0.0053791227, 0.0053510773, 0.0052231173, 0.004697073, 0.004640003], [0.014584623, 0.008106526, 0.0072124987, 0.0065427916, 0.0061699627, 0.005127955, 0.005127398, 0.0049790577, 0.004904523, 0.004681066], [0.018058803, 0.011063917, 0.010526042, 0.0064557763, 0.006365117, 0.006141378, 0.005918012, 0.0055980654, 0.005200417, 0.0050961035], [0.010668433, 0.007515752, 0.0062953606, 0.0059902626, 0.0056851646, 0.005685164, 0.005278366, 0.005278366, 0.005176667, 0.005074968]]"
25,4,5.0,10.0,34688.31640625,0.36830269702475776,,"[['function', 'algorithm', 'xi', 'set', 'learning', 'weight', 'relaxation', 'space', 'problem', 'value'], ['network', 'model', 'neural', 'vector', 'using', 'data', 'gradient', 'function', 'parameter', 'algorithm'], ['model', 'data', 'feature', 'distribution', 'variable', 'set', 'one', 'eq', 'cache', 'method'], ['state', 'function', 'algorithm', 'set', 'transition', 'linear', 'ft', 'value', 'model', 'variance']]","[[0.014266836, 0.008311355, 0.0080666095, 0.0070060436, 0.006353388, 0.006027061, 0.005374405, 0.005211241, 0.005048078, 0.0049664956], [0.013386369, 0.011713492, 0.0068588834, 0.0063095614, 0.006237658, 0.00596521, 0.0054844026, 0.005272241, 0.005071943, 0.004924518], [0.018013865, 0.008617817, 0.008322343, 0.0076723034, 0.0053085173, 0.005072139, 0.004894855, 0.00483576, 0.004422098, 0.004244814], [0.018903736, 0.011022296, 0.00830834, 0.008177926, 0.007745529, 0.0074436944, 0.0065177903, 0.006512454, 0.006388392, 0.005978683]]"
25,4,10.0,0.01,-33875.4765625,0.3166401328055951,,"[['model', 'function', 'one', 'state', 'linear', 'used', 'probability', 'xi', 'entropy', 'error'], ['data', 'variable', 'problem', 'neural', 'value', 'feature', 'number', 'two', 'neuron', 'also'], ['network', 'algorithm', 'set', 'figure', 'case', 'result', 'method', 'given', 'following', 'weight'], ['learning', 'using', 'distribution', 'show', 'input', 'use', 'approach', 'system', 'estimate', 'ie']]","[[0.042314515, 0.027872108, 0.0147777, 0.014006881, 0.011808614, 0.011255464, 0.011100644, 0.010915709, 0.009061051, 0.008969001], [0.02755135, 0.01845239, 0.01779524, 0.017766416, 0.016318332, 0.015352444, 0.014959512, 0.014186192, 0.012108812, 0.011784494], [0.02281652, 0.022403853, 0.015308574, 0.012997659, 0.01217344, 0.012078873, 0.011952287, 0.011512808, 0.010027224, 0.009946129], [0.01989971, 0.018090187, 0.017034799, 0.011819306, 0.011478025, 0.010101173, 0.010050606, 0.009841183, 0.009584084, 0.009067436]]"
25,4,10.0,0.31,33586.0390625,0.38271033754353034,,"[['function', 'set', 'algorithm', 'variable', 'feature', 'data', 'xi', 'problem', 'method', 'missing'], ['model', 'network', 'state', 'parameter', 'neural', 'cache', 'using', 'function', 'learning', 'language'], ['model', 'distribution', 'neuron', 'gradient', 'gaussian', 'independent', 'process', 'data', 'function', 'variance'], ['weight', 'learning', 'network', 'data', 'model', 'algorithm', 'entropy', 'vector', 'using', 'normalized']]","[[0.01365554, 0.008570531, 0.008246775, 0.007671092, 0.007364091, 0.006288193, 0.0059808786, 0.005170385, 0.0050666183, 0.0050629163], [0.024683384, 0.013571705, 0.010749302, 0.0077300454, 0.006424192, 0.0062319716, 0.0058509796, 0.0054670307, 0.005429536, 0.0053997086], [0.01387429, 0.0077558234, 0.006380642, 0.005732317, 0.005450657, 0.00505328, 0.0048957383, 0.0048123114, 0.0047439774, 0.004592308], [0.008927884, 0.007922066, 0.0070195594, 0.0063155857, 0.0059136744, 0.0059064445, 0.0058146943, 0.0054118447, 0.005411559, 0.00521214]]"
25,4,10.0,0.61,34751.5234375,0.3994507484873143,,"[['feature', 'gradient', 'model', 'one', 'data', 'method', 'entropy', 'algorithm', 'using', 'vector'], ['algorithm', 'set', 'data', 'variable', 'function', 'missing', 'value', 'problem', 'estimate', 'case'], ['model', 'function', 'state', 'distribution', 'probability', 'prediction', 'relaxation', 'data', 'set', 'linear'], ['model', 'network', 'neuron', 'learning', 'weight', 'function', 'neural', 'input', 'cache', 'parameter']]","[[0.012643388, 0.0067821606, 0.006558349, 0.005808075, 0.005653284, 0.0056452476, 0.005167263, 0.005149835, 0.0049068504, 0.004827518], [0.009057791, 0.008436703, 0.008091336, 0.00706119, 0.006512684, 0.0065101143, 0.005619631, 0.005344315, 0.004862927, 0.0046572974], [0.01971918, 0.015285392, 0.009938168, 0.006090999, 0.0056721834, 0.005589784, 0.0055075046, 0.005086258, 0.005083571, 0.0050057513], [0.014772168, 0.012913693, 0.008764884, 0.0080550155, 0.007981362, 0.0074322335, 0.0065685976, 0.0061794273, 0.0060226806, 0.005943537]]"
25,4,10.0,0.9099999999999999,34606.6640625,0.3976413597541726,,"[['feature', 'data', 'set', 'algorithm', 'variable', 'theorem', 'one', 'missing', 'function', 'space'], ['model', 'data', 'gradient', 'estimator', 'set', 'algorithm', 'variance', 'vector', 'using', 'problem'], ['state', 'model', 'network', 'function', 'parameter', 'number', 'transition', 'distribution', 'linear', 'matrix'], ['model', 'function', 'neuron', 'network', 'learning', 'neural', 'input', 'weight', 'algorithm', 'cache']]","[[0.012638374, 0.0089722155, 0.008330953, 0.008330796, 0.007414988, 0.006590089, 0.005947696, 0.005947579, 0.0057648714, 0.0054892944], [0.0068018963, 0.006530891, 0.005891356, 0.0057474207, 0.00545955, 0.0053156144, 0.0053156144, 0.0049557756, 0.004947415, 0.004882222], [0.0138844745, 0.013332374, 0.0094676865, 0.008731556, 0.008547523, 0.005879048, 0.0056029987, 0.0051429165, 0.0047748513, 0.0047748513], [0.017438844, 0.013328713, 0.0073737055, 0.0073023317, 0.007016071, 0.006574657, 0.00612827, 0.005537619, 0.0052305474, 0.0048518474]]"
25,4,10.0,5.0,34876.53515625,0.37078997338956843,,"[['state', 'function', 'weight', 'neuron', 'model', 'learning', 'value', 'algorithm', 'current', 'neural'], ['model', 'distribution', 'set', 'algorithm', 'gradient', 'function', 'data', 'problem', 'learning', 'prediction'], ['model', 'network', 'data', 'using', 'neural', 'missing', 'set', 'cache', 'vector', 'parameter'], ['function', 'feature', 'eq', 'algorithm', 'relaxation', 'set', 'one', 'xi', 'rate', 'space']]","[[0.01280666, 0.010931006, 0.0075064343, 0.006765398, 0.0066847648, 0.0066046505, 0.0061943806, 0.0053796046, 0.0052161124, 0.0049711694], [0.011736456, 0.008053222, 0.00707983, 0.006661451, 0.005828447, 0.0054805633, 0.0052031637, 0.0046463665, 0.0046454202, 0.004577683], [0.017848723, 0.012551838, 0.012076897, 0.0066445065, 0.0054899678, 0.005286511, 0.0052184137, 0.0050827987, 0.005014889, 0.004674793], [0.014369543, 0.013483131, 0.00708128, 0.0069827903, 0.0064903395, 0.00619487, 0.0058994005, 0.0058009103, 0.0053084595, 0.00520997]]"
25,4,10.0,10.0,33585.5703125,0.4640881287656639,,"[['feature', 'algorithm', 'state', 'set', 'function', 'distribution', 'space', 'one', 'probability', 'model'], ['function', 'gradient', 'algorithm', 'linear', 'xi', 'set', 'relaxation', 'convex', 'model', 'basis'], ['model', 'data', 'network', 'distribution', 'entropy', 'missing', 'using', 'set', 'variable', 'parameter'], ['neuron', 'weight', 'network', 'function', 'input', 'neural', 'activation', 'learning', 'rate', 'current']]","[[0.008892295, 0.0073089353, 0.007129082, 0.0070015094, 0.005399807, 0.0053833458, 0.005253385, 0.00517157, 0.005058443, 0.004605812], [0.01919874, 0.009546105, 0.00916288, 0.0076155765, 0.0065565566, 0.006364243, 0.006360734, 0.006071155, 0.005685639, 0.0055885236], [0.021924475, 0.012550216, 0.009301272, 0.0068641617, 0.00680168, 0.006801671, 0.006488727, 0.006174484, 0.0058606234, 0.005614324], [0.012396861, 0.010292037, 0.010137493, 0.008474557, 0.0084390985, 0.0073348805, 0.0071675465, 0.0065655345, 0.00653721, 0.006206103]]"
25,7,0.01,0.01,-61645.75390625,0.32376367682116036,,"[['network', 'using', 'learning', 'also', 'following', 'estimate', 'training', 'term', 'log', 'lemma'], ['one', 'parameter', 'linear', 'figure', 'case', 'probability', 'input', 'entropy', 'system', 'missing'], ['model', 'problem', 'feature', 'show', 'information', 'process', 'order', 'optimal', 'based', 'dimension'], ['data', 'value', 'method', 'number', 'used', 'weight', 'gradient', 'approach', 'error', 'analysis'], ['neural', 'two', 'use', 'sample', 'prediction', 'ie', 'space', 'output', 'activation', 'defined'], ['function', 'algorithm', 'distribution', 'variable', 'state', 'given', 'matrix', 'size', 'eq', 'work'], ['set', 'result', 'vector', 'xi', 'neuron', 'approximation', 'see', 'paper', 'however', 'bound']]","[[0.04259158, 0.032418944, 0.029109308, 0.019633248, 0.01871068, 0.017147355, 0.016413126, 0.015017685, 0.012249103, 0.009783911], [0.024700452, 0.020888403, 0.019734448, 0.019706443, 0.019330066, 0.018548416, 0.017499607, 0.01503226, 0.015011241, 0.014495384], [0.07792818, 0.026929857, 0.022902133, 0.01985466, 0.01609291, 0.015958603, 0.014213781, 0.013069501, 0.011488798, 0.011347221], [0.03876628, 0.022907386, 0.02241599, 0.021051813, 0.019549623, 0.01642436, 0.016005244, 0.015725203, 0.015600823, 0.01382079], [0.026318196, 0.0227353, 0.017969463, 0.017172039, 0.016401561, 0.016381506, 0.015928973, 0.013435702, 0.012671128, 0.011562086], [0.053577278, 0.0328367, 0.026442414, 0.025165876, 0.024518173, 0.018432118, 0.014066154, 0.013406463, 0.013139208, 0.012617475], [0.035171766, 0.02390067, 0.023398291, 0.022781571, 0.020982552, 0.015098575, 0.015061724, 0.013299739, 0.0131381005, 0.0128073115]]"
25,7,0.01,0.31,35321.609375,0.3628535179698749,,"[['function', 'variable', 'xi', 'data', 'missing', 'set', 'value', 'linear', 'problem', 'relaxation'], ['data', 'entropy', 'mse', 'normalized', 'estimator', 'gate', 'independent', 'synapse', 'weight', 'current'], ['feature', 'model', 'eq', 'one', 'distribution', 'gradient', 'rate', 'method', 'information', 'entropy'], ['model', 'network', 'cache', 'neural', 'language', 'static', 'data', 'linear', 'using', 'time'], ['algorithm', 'space', 'sn', 'model', 'basis', 'process', 'distribution', 'learning', 'vector', 'ksu'], ['state', 'function', 'neuron', 'model', 'set', 'probability', 'transition', 'algorithm', 'variance', 'hidden'], ['network', 'parameter', 'harmony', 'tree', 'weight', 'activation', 'function', 'learning', 'chip', 'energy']]","[[0.018175585, 0.010825972, 0.009224132, 0.009129906, 0.008753003, 0.008187648, 0.0071511623, 0.0069627115, 0.0066800346, 0.0062089055], [0.011211432, 0.010487232, 0.009220325, 0.009039339, 0.008135235, 0.008095695, 0.0077729314, 0.0076384037, 0.0076330085, 0.0074562663], [0.016348837, 0.015976433, 0.007503692, 0.0072732917, 0.007265162, 0.0064303074, 0.005840073, 0.005833982, 0.005716415, 0.0057147173], [0.036561217, 0.011932527, 0.01118716, 0.010287781, 0.0087984335, 0.0067082974, 0.0065553756, 0.006409256, 0.0064083566, 0.006259256], [0.011211075, 0.008119553, 0.0059440387, 0.0057150368, 0.0053715347, 0.0053715347, 0.0052570347, 0.005142533, 0.005142533, 0.004684531], [0.014589, 0.009764683, 0.008160044, 0.007620874, 0.0074903606, 0.006954667, 0.0068207337, 0.0068183863, 0.006284617, 0.005883182], [0.022185797, 0.01261114, 0.010652688, 0.010435082, 0.010435082, 0.009564657, 0.008476629, 0.008259023, 0.008259023, 0.007606205]]"
25,7,0.01,0.61,35420.6875,0.41046944919235173,,"[['feature', 'algorithm', 'entropy', 'one', 'sample', 'space', 'sn', 'method', 'data', 'mse'], ['state', 'process', 'model', 'transition', 'hidden', 'gaussian', 'distribution', 'parameter', 'region', 'sequence'], ['gradient', 'algorithm', 'ft', 'convex', 'model', 'basis', 'xt', 'function', 'set', 'vector'], ['function', 'xi', 'linear', 'relaxation', 'value', 'variable', 'constraint', 'bisubmodular', 'problem', 'set'], ['function', 'algorithm', 'set', 'weight', 'independent', 'harmony', 'tree', 'variance', 'network', 'gate'], ['model', 'data', 'cache', 'missing', 'language', 'variable', 'set', 'network', 'static', 'ry'], ['model', 'network', 'neuron', 'neural', 'parameter', 'function', 'input', 'learning', 'rate', 'activation']]","[[0.015925452, 0.007903032, 0.007254544, 0.0066406378, 0.0066393246, 0.0060692215, 0.0059558623, 0.0059514632, 0.0058382438, 0.0058368198], [0.022178086, 0.0133028515, 0.0116123315, 0.01076707, 0.009287864, 0.008442605, 0.0078086583, 0.007597343, 0.007386028, 0.0071747126], [0.015875464, 0.013444017, 0.008905312, 0.008581119, 0.007770635, 0.0074464413, 0.0069601536, 0.0069601513, 0.0066359593, 0.0066359593], [0.026423283, 0.0149522405, 0.011294801, 0.010962306, 0.010297318, 0.009632331, 0.00863485, 0.008136105, 0.007803614, 0.00730487], [0.008964042, 0.0068431455, 0.006719613, 0.0065966947, 0.0064718924, 0.0060980762, 0.006098065, 0.0059733763, 0.0057241125, 0.005474804], [0.022349892, 0.014411469, 0.00991303, 0.008325346, 0.007796116, 0.0075315027, 0.006340739, 0.006208431, 0.005943817, 0.0054145902], [0.020571865, 0.012320577, 0.011115332, 0.009446533, 0.008055866, 0.007406888, 0.007221466, 0.006757911, 0.005830799, 0.0052745333]]"
25,7,0.01,0.9099999999999999,35256.20703125,0.3937018946288176,,"[['data', 'estimator', 'variance', 'variable', 'missing', 'entropy', 'set', 'estimate', 'mse', 'normalized'], ['network', 'function', 'parameter', 'algorithm', 'ft', 'harmony', 'tree', 'xt', 'artifact', 'vector'], ['model', 'feature', 'distribution', 'cache', 'language', 'one', 'method', 'set', 'entropy', 'data'], ['model', 'input', 'algorithm', 'space', 'rate', 'sn', 'error', 'neural', 'measurement', 'ksu'], ['distribution', 'function', 'prediction', 'process', 'log', 'set', 'gaussian', 'probability', 'xi', 'data'], ['function', 'weight', 'neuron', 'value', 'relaxation', 'xi', 'current', 'learning', 'linear', 'activation'], ['state', 'model', 'gradient', 'hidden', 'transition', 'basis', 'number', 'algorithm', 'matrix', 'vector']]","[[0.018170593, 0.010956074, 0.010090331, 0.009657459, 0.009080299, 0.008358846, 0.0077816835, 0.0073488127, 0.0073488127, 0.0072045224], [0.013284594, 0.010810868, 0.007422394, 0.0073778746, 0.0065096444, 0.0063792514, 0.0062488588, 0.005205717, 0.0049446053, 0.004804496], [0.026698327, 0.015787693, 0.0097641125, 0.008513935, 0.006809148, 0.006695495, 0.0064681903, 0.0063545383, 0.0063545383, 0.005899928], [0.016407069, 0.008778675, 0.008080052, 0.008030143, 0.0075915894, 0.0075915894, 0.0072992193, 0.0061706877, 0.0061015203, 0.0059835585], [0.0106138, 0.009326067, 0.008843168, 0.007877367, 0.007877367, 0.0072335005, 0.006750601, 0.0062677, 0.0061067324, 0.0059457663], [0.02115106, 0.008934367, 0.008061746, 0.007843591, 0.007189125, 0.0070800465, 0.006970969, 0.006425581, 0.006425581, 0.0058801924], [0.016190063, 0.012918898, 0.011828508, 0.00995927, 0.007934263, 0.007466953, 0.006999643, 0.0066881035, 0.0063765645, 0.0063765645]]"
25,7,0.01,5.0,-86645.15625,0.3676982133365204,,"[['model', 'function', 'set', 'variable', 'distribution', 'method', 'data', 'problem', 'approach', 'given'], ['model', 'data', 'vector', 'algorithm', 'feature', 'entropy', 'function', 'used', 'one', 'number'], ['network', 'function', 'neuron', 'state', 'learning', 'model', 'result', 'xi', 'show', 'algorithm'], ['set', 'using', 'function', 'algorithm', 'model', 'network', 'distribution', 'parameter', 'neural', 'data'], ['model', 'data', 'two', 'algorithm', 'learning', 'also', 'function', 'used', 'distribution', 'rate'], ['model', 'set', 'learning', 'data', 'function', 'state', 'figure', 'theorem', 'sequence', 'probability'], ['function', 'network', 'linear', 'gradient', 'let', 'model', 'xi', 'learning', 'neural', 'two']]","[[0.010540695, 0.007833892, 0.0072031845, 0.0070601157, 0.0063684457, 0.006242207, 0.006056267, 0.0056918077, 0.004993045, 0.004933221], [0.01719725, 0.00885278, 0.0076372945, 0.006711565, 0.006481698, 0.0057297866, 0.0055820695, 0.00526996, 0.005225728, 0.0050126943], [0.009272561, 0.008999812, 0.007953549, 0.007812926, 0.0062335907, 0.0059839957, 0.0056794737, 0.0056274915, 0.005074197, 0.004664311], [0.0143799335, 0.010943689, 0.010025061, 0.008298218, 0.0067041353, 0.0063480474, 0.0062053516, 0.005032814, 0.004884146, 0.004694804], [0.012928142, 0.0070578344, 0.0069191596, 0.0068600723, 0.0055089663, 0.005425524, 0.0054192576, 0.0051020756, 0.004982217, 0.004872837], [0.016773319, 0.008699673, 0.008452736, 0.008300553, 0.0066624186, 0.006478934, 0.005742985, 0.0050154566, 0.0048159137, 0.004671216], [0.012423092, 0.008551048, 0.006725353, 0.005879715, 0.0054140617, 0.0051475335, 0.00449695, 0.0044175293, 0.0043083783, 0.0042503863]]"
25,7,0.01,10.0,34334.9296875,0.4392629381155449,,"[['model', 'cache', 'network', 'language', 'neural', 'static', 'linear', 'recurrent', 'using', 'data'], ['feature', 'network', 'parameter', 'method', 'function', 'algorithm', 'neuron', 'one', 'model', 'neural'], ['state', 'algorithm', 'probability', 'function', 'space', 'sn', 'set', 'transition', 'model', 'sequence'], ['weight', 'input', 'network', 'current', 'learning', 'neuron', 'rate', 'gradient', 'model', 'function'], ['entropy', 'model', 'data', 'distribution', 'mse', 'normalized', 'sample', 'estimator', 'corr', 'stream'], ['data', 'variable', 'missing', 'function', 'value', 'set', 'linear', 'problem', 'rx', 'case'], ['function', 'relaxation', 'xi', 'bisubmodular', 'set', 'variance', 'process', 'gaussian', 'estimate', 'region']]","[[0.043516137, 0.014121864, 0.012991315, 0.011107066, 0.010353366, 0.008469119, 0.007715418, 0.007715418, 0.007526994, 0.0071501443], [0.016297443, 0.010217824, 0.007454909, 0.0069859903, 0.00668943, 0.006365927, 0.0062514697, 0.005714813, 0.0056312503, 0.005596428], [0.010694687, 0.008996027, 0.008288329, 0.0066187116, 0.00589395, 0.0055937488, 0.0053936145, 0.0052935234, 0.0052890633, 0.0051934808], [0.012079874, 0.009986435, 0.008370585, 0.007884754, 0.007871557, 0.007658884, 0.00752555, 0.0070606526, 0.006769049, 0.0065005505], [0.020481514, 0.020071687, 0.01310457, 0.01146525, 0.010440673, 0.010235758, 0.009621013, 0.009211182, 0.0077767754, 0.007366945], [0.011463566, 0.0114624575, 0.011105017, 0.010021314, 0.008713262, 0.008474267, 0.007397776, 0.0071589365, 0.006921943, 0.006682667], [0.018779194, 0.010224764, 0.009460976, 0.007475126, 0.0073223677, 0.0073223677, 0.00716961, 0.006405822, 0.005794791, 0.0054892763]]"
25,7,0.31,0.01,-61665.7734375,0.31279950348007296,,"[['function', 'distribution', 'result', 'probability', 'approach', 'estimate', 'time', 'matrix', 'prediction', 'space'], ['model', 'network', 'variable', 'parameter', 'also', 'sample', 'show', 'et', 'convex', 'sn'], ['algorithm', 'feature', 'number', 'system', 'term', 'theorem', 'equation', 'log', 'component', 'selection'], ['data', 'problem', 'state', 'neural', 'method', 'neuron', 'information', 'missing', 'first', 'work'], ['set', 'using', 'one', 'figure', 'case', 'two', 'used', 'xi', 'given', 'input'], ['vector', 'gradient', 'entropy', 'use', 'independent', 'mean', 'following', 'cache', 'gaussian', 'measurement'], ['learning', 'value', 'linear', 'weight', 'rate', 'analysis', 'size', 'rule', 'point', 'section']]","[[0.0561905, 0.02772794, 0.020302137, 0.019605119, 0.01628171, 0.015445343, 0.015285696, 0.014896368, 0.014626386, 0.014215337], [0.080786645, 0.04205179, 0.029345905, 0.024591282, 0.019645967, 0.01702487, 0.015447071, 0.012113346, 0.011931507, 0.009781194], [0.042205304, 0.024648223, 0.016826546, 0.01588767, 0.015157912, 0.015012483, 0.0126293935, 0.011976166, 0.0097162165, 0.008798167], [0.03307237, 0.025342243, 0.02521706, 0.024935087, 0.021666205, 0.017471908, 0.015148948, 0.015021004, 0.014876025, 0.012969854], [0.037758797, 0.027851295, 0.02490811, 0.020841137, 0.019515285, 0.019384343, 0.018985508, 0.01846098, 0.018449817, 0.017668044], [0.022854103, 0.018717298, 0.018409874, 0.017925274, 0.014098279, 0.014097887, 0.012281767, 0.01220913, 0.011557877, 0.011222444], [0.03223386, 0.0236244, 0.021101497, 0.016899208, 0.015757862, 0.014227769, 0.014217397, 0.013949949, 0.01310798, 0.0130860545]]"
25,7,0.31,0.31,35363.0078125,0.4462131241876483,,"[['weight', 'input', 'learning', 'current', 'rate', 'neuron', 'gate', 'signal', 'synapse', 'chip'], ['model', 'state', 'network', 'data', 'using', 'cache', 'entropy', 'language', 'neural', 'time'], ['function', 'gradient', 'linear', 'network', 'xi', 'relaxation', 'model', 'vector', 'basis', 'algorithm'], ['neuron', 'impulse', 'function', 'neural', 'circuit', 'network', 'rf', 'model', 'xi', 'case'], ['model', 'data', 'distribution', 'missing', 'variable', 'algorithm', 'sample', 'dimension', 'theorem', 'set'], ['function', 'algorithm', 'log', 'loss', 'distribution', 'ft', 'process', 'set', 'prediction', 'convex'], ['feature', 'set', 'parameter', 'one', 'network', 'method', 'variance', 'score', 'information', 'training']]","[[0.011937307, 0.011459413, 0.009707143, 0.009069953, 0.008751359, 0.008114168, 0.007158384, 0.006999086, 0.006839789, 0.0062025995], [0.027760573, 0.011586506, 0.009145137, 0.009043412, 0.00761928, 0.00761928, 0.0068054893, 0.006195147, 0.0060934233, 0.005889976], [0.018518146, 0.0077859964, 0.0073810094, 0.006874776, 0.006874776, 0.0066722827, 0.006368542, 0.0061660493, 0.0058623087, 0.005457322], [0.014238209, 0.008538931, 0.008530491, 0.008335187, 0.0075212014, 0.007521199, 0.0065034726, 0.006500584, 0.0064953286, 0.006488663], [0.01271593, 0.012002326, 0.008434308, 0.007839639, 0.0074828365, 0.007363903, 0.006888167, 0.0065313657, 0.0065313657, 0.006412431], [0.01395517, 0.01162341, 0.009086657, 0.008145623, 0.008042594, 0.007831944, 0.0072221807, 0.0070950873, 0.0070821666, 0.0067797313], [0.021603383, 0.010086764, 0.009613478, 0.0086669065, 0.007720334, 0.0074048107, 0.007247049, 0.0069315243, 0.006300477, 0.0061427145]]"
25,7,0.31,0.61,34348.98046875,0.40988734813560695,,"[['state', 'data', 'variable', 'missing', 'model', 'transition', 'tree', 'harmony', 'network', 'hidden'], ['algorithm', 'estimator', 'variance', 'entropy', 'sample', 'space', 'sn', 'set', 'mse', 'data'], ['feature', 'model', 'distribution', 'gaussian', 'method', 'one', 'set', 'data', 'eq', 'process'], ['parameter', 'gradient', 'network', 'receptor', 'set', 'le', 'cun', 'ligand', 'tectum', 'model'], ['neuron', 'weight', 'input', 'learning', 'current', 'function', 'neural', 'rate', 'model', 'network'], ['model', 'cache', 'network', 'language', 'neural', 'static', 'linear', 'recurrent', 'using', 'data'], ['function', 'algorithm', 'linear', 'xi', 'set', 'convex', 'relaxation', 'problem', 'basis', 'let']]","[[0.01734298, 0.013556875, 0.010244034, 0.009928525, 0.008666491, 0.008035473, 0.0077199633, 0.0077199633, 0.006931192, 0.006931192], [0.010289945, 0.009933412, 0.009560386, 0.007939212, 0.007680031, 0.007215893, 0.007058917, 0.0070472173, 0.0068705273, 0.006812984], [0.014493053, 0.01257055, 0.010742002, 0.006235716, 0.0060907435, 0.0056711454, 0.0055455463, 0.0053811413, 0.005283089, 0.00527923], [0.019488372, 0.018120065, 0.016409682, 0.009226072, 0.008541917, 0.008199842, 0.008199842, 0.008199841, 0.0075156875, 0.0071736104], [0.012884216, 0.00990043, 0.009154484, 0.007769155, 0.007556028, 0.0073428997, 0.0073428997, 0.0069166445, 0.006277262, 0.006277262], [0.043516133, 0.014121862, 0.012991314, 0.011107065, 0.010353365, 0.008469118, 0.0077154175, 0.0077154175, 0.0075269933, 0.007150144], [0.021689784, 0.010860414, 0.0071551735, 0.0070515997, 0.0069888835, 0.006762868, 0.0058961525, 0.0052757533, 0.005180254, 0.005138976]]"
25,7,0.31,0.9099999999999999,34980.71875,0.45045074713377403,,"[['data', 'variable', 'missing', 'model', 'entropy', 'gradient', 'process', 'estimator', 'mse', 'normalized'], ['model', 'function', 'cache', 'neuron', 'network', 'algorithm', 'language', 'neural', 'ft', 'learning'], ['feature', 'model', 'network', 'vector', 'one', 'method', 'algorithm', 'neural', 'tree', 'linear'], ['function', 'algorithm', 'xi', 'relaxation', 'set', 'linear', 'network', 'parameter', 'space', 'sn'], ['weight', 'current', 'learning', 'gate', 'synapse', 'chip', 'tunneling', 'floating', 'voltage', 'electron'], ['model', 'distribution', 'set', 'variance', 'estimate', 'data', 'entropy', 'case', 'xi', 'covariance'], ['state', 'rate', 'function', 'model', 'probability', 'transition', 'input', 'hidden', 'rule', 'neuron']]","[[0.014663361, 0.0072715166, 0.006940539, 0.006719887, 0.006388909, 0.0063889087, 0.0061682565, 0.005947605, 0.005616627, 0.005506301], [0.02000218, 0.009281371, 0.008924011, 0.00832841, 0.008090169, 0.0070180874, 0.0070180874, 0.0068989675, 0.0059460066, 0.0057077664], [0.016350528, 0.0140901925, 0.01064587, 0.0067710076, 0.006232832, 0.0061251977, 0.005802292, 0.005694657, 0.005694657, 0.005587022], [0.017399132, 0.007259748, 0.0063988566, 0.0063032024, 0.006016238, 0.0056336196, 0.0055379653, 0.0055379653, 0.0054423115, 0.004964038], [0.021931559, 0.014116748, 0.014094462, 0.013515607, 0.012613902, 0.011712191, 0.011712191, 0.011411622, 0.010810483, 0.009908774], [0.01705, 0.011134032, 0.009339097, 0.008522239, 0.007651499, 0.0074318536, 0.0073033716, 0.0071288655, 0.00666344, 0.0060843006], [0.018775657, 0.011050714, 0.010875147, 0.01017288, 0.008943912, 0.008943912, 0.007714943, 0.007714943, 0.007012675, 0.0066615413]]"
25,7,0.31,5.0,35338.2265625,0.37886985827280306,,"[['gradient', 'learning', 'model', 'input', 'rate', 'neuron', 'algorithm', 'basis', 'output', 'problem'], ['function', 'neuron', 'linear', 'artifact', 'impulse', 'state', 'value', 'policy', 'circuit', 'component'], ['function', 'network', 'ft', 'harmony', 'tree', 'algorithm', 'xt', 'convex', 'point', 'regret'], ['data', 'estimator', 'network', 'variance', 'variable', 'set', 'missing', 'parameter', 'entropy', 'mse'], ['model', 'state', 'cache', 'distribution', 'process', 'language', 'hidden', 'transition', 'number', 'static'], ['model', 'distribution', 'algorithm', 'dimension', 'space', 'sn', 'error', 'sample', 'neural', 'linear'], ['function', 'feature', 'xi', 'set', 'relaxation', 'variable', 'one', 'value', 'problem', 'method']]","[[0.010296277, 0.009359342, 0.009225494, 0.007217778, 0.0069500823, 0.006816235, 0.0065485393, 0.0061469963, 0.0060131485, 0.0053439094], [0.014274473, 0.011765038, 0.009255604, 0.008097403, 0.008097403, 0.00790437, 0.0077113356, 0.0077113356, 0.007132236, 0.006553136], [0.013716964, 0.010760386, 0.010549203, 0.010338019, 0.010126835, 0.009493283, 0.008437362, 0.007592625, 0.006959073, 0.006959073], [0.015352308, 0.00894653, 0.008590425, 0.0082817385, 0.007897452, 0.0078909695, 0.0074849394, 0.0070641506, 0.006811672, 0.006458827], [0.024066472, 0.013145187, 0.009297915, 0.00830507, 0.008180965, 0.0075604375, 0.0065675927, 0.0063193818, 0.005698854, 0.0055747484], [0.024201358, 0.008192754, 0.00792815, 0.0075312415, 0.007266637, 0.0068697296, 0.0067374264, 0.0064728223, 0.006075914, 0.005943612], [0.016635789, 0.01302155, 0.007878386, 0.007677997, 0.0062679746, 0.006150818, 0.0055999574, 0.005592903, 0.0048239497, 0.004744696]]"
25,7,0.31,10.0,34243.51953125,0.4094877182815671,,"[['function', 'network', 'relaxation', 'algorithm', 'parameter', 'set', 'xi', 'ft', 'bisubmodular', 'tree'], ['data', 'variable', 'set', 'missing', 'value', 'function', 'linear', 'state', 'constraint', 'problem'], ['rate', 'function', 'rule', 'gradient', 'input', 'model', 'neuron', 'prediction', 'set', 'log'], ['model', 'feature', 'state', 'distribution', 'method', 'number', 'hidden', 'parameter', 'process', 'algorithm'], ['model', 'weight', 'neural', 'network', 'neuron', 'current', 'input', 'activation', 'synapse', 'gate'], ['algorithm', 'space', 'sn', 'ksu', 'xi', 'set', 'classifier', 'probability', 'result', 'case'], ['model', 'data', 'cache', 'entropy', 'language', 'using', 'network', 'normalized', 'mse', 'vector']]","[[0.024856338, 0.012423172, 0.009210106, 0.007952819, 0.007952819, 0.0069749276, 0.0069749276, 0.0069749276, 0.0068352297, 0.006835229], [0.011191495, 0.010846638, 0.008761734, 0.008329298, 0.007868147, 0.00680906, 0.006734493, 0.0067045633, 0.00668065, 0.0062402645], [0.012937899, 0.012526853, 0.010471632, 0.010471631, 0.009032975, 0.00841641, 0.0077998424, 0.0071832757, 0.0069777537, 0.006361188], [0.013928921, 0.0116186, 0.008307143, 0.0071519855, 0.0056887837, 0.0055347625, 0.005072699, 0.004995689, 0.004918678, 0.0048416676], [0.020059973, 0.013912114, 0.013437435, 0.013145991, 0.012939637, 0.010728925, 0.009131384, 0.008974228, 0.0089180805, 0.00804218], [0.008745124, 0.008590743, 0.008122537, 0.0064021926, 0.0063695, 0.0063595376, 0.006089356, 0.005773368, 0.0057714367, 0.005751187], [0.02040457, 0.0114387125, 0.010335222, 0.009231732, 0.008128242, 0.007990304, 0.007714432, 0.0070247506, 0.00702475, 0.0067488775]]"
25,7,0.61,0.01,-61831.828125,0.32050751133715255,,"[['model', 'data', 'network', 'distribution', 'state', 'number', 'information', 'analysis', 'approximation', 'current'], ['problem', 'result', 'show', 'also', 'let', 'first', 'prediction', 'eq', 'time', 'see'], ['set', 'variable', 'feature', 'given', 'weight', 'gradient', 'entropy', 'rate', 'matrix', 'space'], ['value', 'vector', 'neuron', 'input', 'following', 'estimate', 'sample', 'ie', 'used', 'rule'], ['neural', 'parameter', 'figure', 'linear', 'case', 'probability', 'system', 'constraint', 'output', 'bound'], ['algorithm', 'learning', 'using', 'method', 'xi', 'error', 'missing', 'example', 'random', 'defined'], ['function', 'one', 'approach', 'process', 'work', 'shown', 'log', 'well', 'machine', 'use']]","[[0.07891438, 0.041607834, 0.040442795, 0.02932706, 0.027132068, 0.021976829, 0.016308902, 0.014841868, 0.013530647, 0.01250224], [0.02335504, 0.019334164, 0.018143905, 0.016826533, 0.015511637, 0.014450745, 0.01392275, 0.013117071, 0.013112047, 0.012206932], [0.037916277, 0.025397174, 0.021140888, 0.018144153, 0.016071172, 0.015670773, 0.015396384, 0.015001818, 0.014283364, 0.013661092], [0.023567421, 0.020061228, 0.01798635, 0.017014107, 0.016987868, 0.015586307, 0.01545706, 0.014748274, 0.014309179, 0.013923596], [0.024981309, 0.021670306, 0.021439144, 0.020488933, 0.020071441, 0.018526124, 0.015585013, 0.012046095, 0.011775283, 0.0106935585], [0.045604065, 0.0388796, 0.034443773, 0.027792592, 0.02339624, 0.019243104, 0.01856379, 0.015041994, 0.01292654, 0.012512874], [0.06624956, 0.021978421, 0.019194232, 0.018057305, 0.015600819, 0.0138118295, 0.012989141, 0.011675805, 0.011510913, 0.011274081]]"
25,7,0.61,0.31,33414.33984375,0.38646629001829735,,"[['state', 'algorithm', 'probability', 'space', 'sn', 'function', 'set', 'sequence', 'transition', 'theorem'], ['weight', 'network', 'parameter', 'learning', 'current', 'neural', 'synapse', 'function', 'gate', 'voltage'], ['algorithm', 'set', 'estimate', 'ft', 'process', 'variance', 'function', 'gaussian', 'convex', 'distribution'], ['feature', 'method', 'problem', 'algorithm', 'one', 'vector', 'set', 'basis', 'selection', 'score'], ['function', 'relaxation', 'linear', 'xi', 'bisubmodular', 'value', 'rate', 'state', 'input', 'policy'], ['model', 'data', 'network', 'variable', 'missing', 'neuron', 'distribution', 'harmony', 'function', 'tree'], ['model', 'network', 'data', 'cache', 'entropy', 'using', 'neural', 'language', 'gradient', 'normalized']]","[[0.012064134, 0.010339258, 0.0081544155, 0.0067745135, 0.0064295386, 0.006199555, 0.006199555, 0.005969571, 0.0058545796, 0.0053946124], [0.014621526, 0.012557191, 0.0099739265, 0.009620438, 0.008723096, 0.008490484, 0.007815121, 0.0072339973, 0.0070545115, 0.007045174], [0.010129139, 0.00858493, 0.008408839, 0.007675181, 0.0076616947, 0.0076596523, 0.0075462167, 0.007043403, 0.006099401, 0.0059820344], [0.020481227, 0.008093728, 0.007686095, 0.0070293345, 0.0067167575, 0.0065780366, 0.006496642, 0.0063680788, 0.0063680788, 0.006096672], [0.029271333, 0.011160913, 0.009806863, 0.009806863, 0.008283556, 0.0077757877, 0.0076065315, 0.007098762, 0.0067602503, 0.0067602503], [0.015635591, 0.012356694, 0.008631913, 0.008358419, 0.007984631, 0.00781659, 0.0069853016, 0.0061108884, 0.006090676, 0.0059859725], [0.028418168, 0.00998524, 0.009429157, 0.008319375, 0.0074309083, 0.0074295243, 0.0069859405, 0.0065424414, 0.0057650334, 0.005653975]]"
25,7,0.61,0.61,34996.046875,0.3797995468136728,,"[['network', 'learning', 'parameter', 'algorithm', 'vector', 'set', 'training', 'weight', 'activation', 'harmony'], ['model', 'distribution', 'cache', 'language', 'data', 'entropy', 'network', 'static', 'neural', 'size'], ['function', 'state', 'variable', 'data', 'xi', 'relaxation', 'missing', 'model', 'transition', 'linear'], ['function', 'algorithm', 'gradient', 'neuron', 'set', 'loss', 'ft', 'rule', 'bound', 'artifact'], ['model', 'measurement', 'process', 'prediction', 'linear', 'distribution', 'missing', 'gaussian', 'neural', 'value'], ['feature', 'input', 'eq', 'current', 'rate', 'one', 'weight', 'gate', 'information', 'method'], ['algorithm', 'entropy', 'space', 'sn', 'mse', 'normalized', 'sample', 'data', 'estimator', 'ksu']]","[[0.013412166, 0.008279744, 0.0076275626, 0.007515349, 0.0070818188, 0.0064082984, 0.006091896, 0.005882658, 0.005555288, 0.0053370413], [0.033931684, 0.010701106, 0.010422895, 0.008197211, 0.007223473, 0.007084368, 0.0068061575, 0.006249736, 0.00583242, 0.0054151053], [0.0172547, 0.01594346, 0.011026297, 0.009496514, 0.007201838, 0.007201838, 0.0068740277, 0.006764757, 0.0064369463, 0.006327676], [0.012708431, 0.010285873, 0.009195723, 0.007378802, 0.006652035, 0.0061675236, 0.0060463957, 0.0051985, 0.0051985, 0.005077372], [0.01867292, 0.008593037, 0.008443386, 0.008333006, 0.008136882, 0.0077085113, 0.0072941496, 0.0070273667, 0.006480393, 0.0061977124], [0.021462336, 0.0094220145, 0.009080471, 0.0084535405, 0.0078266105, 0.007601765, 0.006886215, 0.006886215, 0.0068302182, 0.006819652], [0.010491906, 0.010141842, 0.009091651, 0.009091651, 0.00891662, 0.008741587, 0.008391524, 0.007866429, 0.007866429, 0.007166302]]"
25,7,0.61,0.9099999999999999,35297.86328125,0.39109389504115716,,"[['function', 'weight', 'gradient', 'gate', 'rule', 'model', 'current', 'synapse', 'probability', 'prediction'], ['estimator', 'variance', 'algorithm', 'function', 'data', 'estimate', 'entropy', 'rate', 'set', 'input'], ['space', 'value', 'algorithm', 'function', 'linear', 'sn', 'set', 'xi', 'problem', 'constraint'], ['function', 'model', 'data', 'variable', 'relaxation', 'missing', 'xi', 'distribution', 'bisubmodular', 'set'], ['model', 'feature', 'network', 'vector', 'cache', 'one', 'method', 'language', 'learning', 'algorithm'], ['model', 'state', 'transition', 'hidden', 'time', 'neural', 'measurement', 'linear', 'network', 'artifact'], ['network', 'neuron', 'parameter', 'neural', 'activation', 'function', 'learning', 'weight', 'circuit', 'chip']]","[[0.010384797, 0.008465758, 0.008145918, 0.007026478, 0.0068665575, 0.0067066373, 0.0067066373, 0.0067066373, 0.0065467176, 0.0062268777], [0.0080575785, 0.007565653, 0.007172112, 0.006385032, 0.005794721, 0.005794721, 0.005794721, 0.005794721, 0.005401181, 0.0053027957], [0.00874923, 0.008605636, 0.008318448, 0.008318448, 0.00803126, 0.0074568843, 0.0071696965, 0.007026103, 0.006451727, 0.006451727], [0.01597099, 0.014345601, 0.013409991, 0.011001229, 0.0088539785, 0.008585056, 0.0077795577, 0.007500579, 0.0065708333, 0.006432228], [0.016613146, 0.014280394, 0.008765184, 0.007555384, 0.006994789, 0.006434423, 0.0060609146, 0.0059676743, 0.0056843557, 0.005593664], [0.023483906, 0.020466883, 0.0095801065, 0.008418047, 0.008058247, 0.008016818, 0.0074701533, 0.0074151084, 0.007252306, 0.0068516377], [0.01760877, 0.014967723, 0.011734948, 0.011131709, 0.010921118, 0.009504688, 0.009307237, 0.009302165, 0.00869327, 0.00869327]]"
25,7,0.61,5.0,35401.97265625,0.39652902669895335,,"[['model', 'entropy', 'data', 'distribution', 'gradient', 'mse', 'normalized', 'sample', 'estimator', 'two'], ['model', 'cache', 'vector', 'algorithm', 'language', 'network', 'learning', 'using', 'basis', 'data'], ['function', 'value', 'weight', 'network', 'neuron', 'activation', 'constraint', 'learning', 'current', 'linear'], ['function', 'algorithm', 'relaxation', 'set', 'loss', 'convex', 'xi', 'ft', 'bisubmodular', 'let'], ['feature', 'parameter', 'network', 'method', 'one', 'score', 'information', 'set', 'eq', 'selection'], ['data', 'missing', 'variable', 'process', 'model', 'rate', 'input', 'distribution', 'ry', 'eq'], ['model', 'state', 'error', 'algorithm', 'set', 'variance', 'space', 'transition', 'sequence', 'sn']]","[[0.017157737, 0.013197096, 0.009762591, 0.0075148228, 0.0069902777, 0.0067261728, 0.0065940907, 0.0061952085, 0.0059336815, 0.0059307963], [0.022055978, 0.00966806, 0.009409978, 0.0076034064, 0.0076034064, 0.007216284, 0.0069582025, 0.006312999, 0.006183958, 0.0061839577], [0.010587544, 0.009387822, 0.009187868, 0.008887938, 0.007388286, 0.006988378, 0.00658847, 0.0063885166, 0.0063885166, 0.005688679], [0.030521091, 0.012793359, 0.010823611, 0.009182154, 0.008525573, 0.008525572, 0.008361426, 0.0081972815, 0.008033135, 0.00786899], [0.029361261, 0.012685998, 0.010501488, 0.009873867, 0.009428331, 0.009208713, 0.008361945, 0.007933118, 0.007523489, 0.0074936026], [0.012611012, 0.009025497, 0.0088820765, 0.008451815, 0.008021553, 0.007591291, 0.0070176083, 0.006300506, 0.0058702435, 0.005870243], [0.014599095, 0.01281478, 0.008465505, 0.008242466, 0.007238787, 0.006681188, 0.0062351087, 0.0057890294, 0.0057890294, 0.0057890294]]"
25,7,0.61,10.0,35267.9140625,0.3945178396666832,,"[['function', 'network', 'relaxation', 'linear', 'xi', 'parameter', 'tree', 'harmony', 'bisubmodular', 'state'], ['model', 'error', 'algorithm', 'set', 'distribution', 'variance', 'sample', 'dimension', 'space', 'sn'], ['data', 'entropy', 'distribution', 'using', 'process', 'estimator', 'mse', 'normalized', 'mean', 'model'], ['state', 'hidden', 'model', 'learning', 'algorithm', 'transition', 'basis', 'number', 'problem', 'vector'], ['ft', 'algorithm', 'gate', 'function', 'weight', 'synapse', 'current', 'tunneling', 'xt', 'floating'], ['model', 'feature', 'function', 'neuron', 'rate', 'cache', 'one', 'learning', 'set', 'distribution'], ['data', 'missing', 'variable', 'gradient', 'rx', 'ry', 'set', 'model', 'vo', 'recoverable']]","[[0.026350599, 0.013101293, 0.009098898, 0.00799479, 0.00799479, 0.007856776, 0.00689068, 0.0067526666, 0.0067526666, 0.0063386257], [0.020241084, 0.008357138, 0.008258506, 0.0070483154, 0.0069409725, 0.0066049984, 0.0062704543, 0.0061621694, 0.006098818, 0.0056765634], [0.009308825, 0.0060629416, 0.006062941, 0.0058535296, 0.0057488238, 0.005434706, 0.0053299996, 0.0052252943, 0.0048064706, 0.0048064706], [0.016880587, 0.010601467, 0.009854669, 0.009704248, 0.007761056, 0.007612321, 0.007163194, 0.0068644085, 0.006565536, 0.006117548], [0.014153361, 0.012737025, 0.012453758, 0.011887223, 0.011887223, 0.011887223, 0.011603956, 0.011037421, 0.010754153, 0.010754153], [0.015699957, 0.011990174, 0.008873298, 0.008536886, 0.006722206, 0.006464915, 0.0064618606, 0.006027337, 0.0060173227, 0.0054123304], [0.01989141, 0.015280105, 0.013338504, 0.012367704, 0.010426104, 0.009940703, 0.008727202, 0.008241802, 0.0077564027, 0.007513703]]"
25,7,0.9099999999999999,0.01,-62004.31640625,0.33608875145383765,,"[['number', 'case', 'vector', 'show', 'following', 'entropy', 'missing', 'prediction', 'mean', 'hidden'], ['set', 'algorithm', 'learning', 'variable', 'xi', 'weight', 'gradient', 'analysis', 'ie', 'rate'], ['data', 'value', 'figure', 'information', 'size', 'training', 'work', 'point', 'optimal', 'bound'], ['model', 'function', 'using', 'problem', 'neural', 'feature', 'parameter', 'let', 'eq', 'order'], ['network', 'distribution', 'two', 'result', 'also', 'time', 'matrix', 'shown', 'random', 'however'], ['probability', 'neuron', 'use', 'error', 'estimate', 'sample', 'section', 'estimator', 'process', 'independent'], ['one', 'state', 'method', 'linear', 'input', 'given', 'approach', 'first', 'space', 'term']]","[[0.023788713, 0.022714036, 0.021733671, 0.021161858, 0.018704593, 0.017787684, 0.017029617, 0.01624417, 0.013630568, 0.012852239], [0.037157033, 0.03533615, 0.03012922, 0.0214839, 0.018160589, 0.015681295, 0.015306102, 0.013208547, 0.012897339, 0.012158348], [0.045145508, 0.026734, 0.022698635, 0.01769417, 0.016102135, 0.015275528, 0.01515467, 0.01484032, 0.014364515, 0.012458396], [0.070909396, 0.053291712, 0.027660346, 0.024501914, 0.024124326, 0.020845717, 0.016625803, 0.015432659, 0.013082129, 0.012944035], [0.04014385, 0.029120909, 0.021272434, 0.021237103, 0.018511156, 0.016620232, 0.015615274, 0.012704755, 0.011549134, 0.011307473], [0.021660542, 0.019679496, 0.017981024, 0.017340269, 0.017031757, 0.01691275, 0.014304788, 0.014169993, 0.013682675, 0.013554339], [0.02628796, 0.02588065, 0.023082176, 0.021002565, 0.018631151, 0.018053308, 0.01638386, 0.015196148, 0.014289161, 0.013599071]]"
25,7,0.9099999999999999,0.31,34679.8828125,0.39048160423977,,"[['model', 'linear', 'function', 'state', 'value', 'network', 'error', 'policy', 'measurement', 'neural'], ['network', 'function', 'parameter', 'tree', 'harmony', 'independent', 'algorithm', 'set', 'artifact', 'rule'], ['function', 'xi', 'estimator', 'data', 'variance', 'set', 'relaxation', 'entropy', 'distribution', 'variable'], ['model', 'feature', 'distribution', 'cache', 'one', 'set', 'language', 'method', 'data', 'entropy'], ['data', 'missing', 'input', 'variable', 'current', 'rate', 'gate', 'weight', 'synapse', 'model'], ['algorithm', 'sn', 'ft', 'convex', 'space', 'set', 'function', 'learning', 'basis', 'bound'], ['state', 'neuron', 'model', 'neural', 'transition', 'activation', 'hidden', 'learning', 'network', 'weight']]","[[0.02597779, 0.021901276, 0.013493462, 0.01221955, 0.01221955, 0.010945637, 0.010690856, 0.010181292, 0.009416943, 0.0091621615], [0.0143701695, 0.012473885, 0.0097874785, 0.007733168, 0.007733168, 0.00615293, 0.0061529293, 0.0061529293, 0.005994906, 0.005836882], [0.011807488, 0.008900009, 0.0074931667, 0.006930429, 0.006930429, 0.006555271, 0.006273902, 0.0054297955, 0.0053360066, 0.0053360066], [0.027788442, 0.014115384, 0.008547395, 0.007369048, 0.0068433736, 0.0067079784, 0.005893238, 0.0056641623, 0.005623261, 0.005499664], [0.013899594, 0.010422195, 0.009759833, 0.009263063, 0.008435111, 0.008103929, 0.007275977, 0.0072759767, 0.007110387, 0.007110386], [0.016932176, 0.0073855133, 0.0068840845, 0.0066332933, 0.006530436, 0.006346707, 0.006259239, 0.006052052, 0.0059782728, 0.005852853], [0.016968735, 0.012058129, 0.009417362, 0.008398488, 0.00785975, 0.00782916, 0.0073828287, 0.007382016, 0.0072371983, 0.0070883916]]"
25,7,0.9099999999999999,0.61,34711.91015625,0.39058407852309013,,"[['feature', 'network', 'function', 'method', 'algorithm', 'one', 'set', 'parameter', 'tree', 'ft'], ['neuron', 'weight', 'input', 'current', 'learning', 'rate', 'model', 'function', 'gradient', 'activation'], ['function', 'algorithm', 'relaxation', 'theorem', 'sn', 'xi', 'set', 'space', 'let', 'probability'], ['model', 'state', 'cache', 'language', 'hidden', 'transition', 'probability', 'static', 'number', 'network'], ['model', 'variance', 'error', 'linear', 'set', 'estimate', 'missing', 'prediction', 'value', 'neural'], ['data', 'missing', 'variable', 'entropy', 'mse', 'normalized', 'estimator', 'ry', 'corr', 'rx'], ['model', 'distribution', 'function', 'linear', 'basis', 'gaussian', 'algorithm', 'process', 'method', 'approximation']]","[[0.014931679, 0.009951119, 0.008486802, 0.0076674633, 0.006792181, 0.0065902183, 0.0064866333, 0.00637811, 0.005728472, 0.0054032], [0.014935345, 0.010849822, 0.010121408, 0.0090534035, 0.008588223, 0.008097001, 0.007695798, 0.0072557004, 0.00678755, 0.00678755], [0.021763187, 0.011996841, 0.008777873, 0.008361212, 0.008353508, 0.007978975, 0.007978665, 0.007776575, 0.0069784783, 0.006647478], [0.027366692, 0.015587455, 0.01092407, 0.008883045, 0.007716745, 0.007716724, 0.007267573, 0.006550445, 0.0064046583, 0.006180446], [0.01842467, 0.011534947, 0.011348738, 0.010231485, 0.010045276, 0.008741815, 0.008369396, 0.008369396, 0.007996979, 0.007438353], [0.02301376, 0.011977578, 0.011406741, 0.011026182, 0.00969423, 0.009503949, 0.009123392, 0.0077914386, 0.007220602, 0.007030323], [0.015324695, 0.007911235, 0.00780968, 0.0061848117, 0.0058801486, 0.005575486, 0.0053723776, 0.0051692687, 0.0050677145, 0.00496616]]"
25,7,0.9099999999999999,0.9099999999999999,35388.61328125,0.3716547792076273,,"[['neuron', 'network', 'function', 'parameter', 'input', 'neural', 'rate', 'model', 'impulse', 'circuit'], ['model', 'state', 'data', 'estimator', 'cache', 'variance', 'entropy', 'set', 'language', 'using'], ['set', 'gradient', 'function', 'data', 'prediction', 'rule', 'independent', 'algorithm', 'distribution', 'artifact'], ['data', 'missing', 'algorithm', 'variable', 'theorem', 'sn', 'space', 'set', 'ry', 'ksu'], ['function', 'feature', 'relaxation', 'algorithm', 'set', 'method', 'xi', 'ft', 'bisubmodular', 'one'], ['model', 'function', 'distribution', 'network', 'vector', 'linear', 'basis', 'gaussian', 'algorithm', 'process'], ['model', 'weight', 'neural', 'network', 'learning', 'input', 'current', 'gate', 'synapse', 'value']]","[[0.016891707, 0.013605266, 0.011414301, 0.009849329, 0.008753847, 0.00859735, 0.00859735, 0.008127859, 0.0065628854, 0.0057803993], [0.019239074, 0.011123251, 0.008417957, 0.007897721, 0.007793682, 0.0072734184, 0.006961289, 0.0064408844, 0.0063369945, 0.006336988], [0.008593269, 0.008134359, 0.007507624, 0.007487964, 0.007194543, 0.0067242994, 0.0060984646, 0.0060943454, 0.006091773, 0.0059416476], [0.013240642, 0.010787962, 0.0094204135, 0.009114716, 0.00908535, 0.008754609, 0.008603193, 0.007608837, 0.006770167, 0.006770167], [0.02143976, 0.018948821, 0.009123446, 0.008569905, 0.008154748, 0.008016363, 0.0069092773, 0.0069092773, 0.006770892, 0.006355735], [0.013811725, 0.0084613785, 0.0069454475, 0.0064995848, 0.0057862056, 0.0054295165, 0.0051619993, 0.0050728265, 0.004894482, 0.004805309], [0.019447368, 0.014388452, 0.0106915515, 0.010496979, 0.010302404, 0.009329536, 0.009329536, 0.008745816, 0.008162094, 0.007967521]]"
25,7,0.9099999999999999,5.0,35391.92578125,0.35807579053313565,,"[['feature', 'input', 'eq', 'rate', 'process', 'one', 'current', 'model', 'function', 'method'], ['model', 'data', 'linear', 'variable', 'network', 'missing', 'cache', 'set', 'value', 'language'], ['network', 'vector', 'parameter', 'algorithm', 'basis', 'harmony', 'tree', 'function', 'matrix', 'model'], ['estimator', 'variance', 'entropy', 'mse', 'normalized', 'data', 'learning', 'estimate', 'corr', 'chip'], ['function', 'xi', 'relaxation', 'set', 'bisubmodular', 'variable', 'prediction', 'algorithm', 'problem', 'distribution'], ['model', 'state', 'distribution', 'transition', 'hidden', 'entropy', 'number', 'parameter', 'dg', 'sequence'], ['algorithm', 'function', 'gradient', 'neuron', 'sn', 'set', 'space', 'ft', 'model', 'neural']]","[[0.015517481, 0.007810409, 0.007697069, 0.006450338, 0.00622366, 0.0061103203, 0.0061103203, 0.0058836415, 0.0055436236, 0.0055436236], [0.025711825, 0.011599853, 0.00869739, 0.007996795, 0.00789671, 0.007796624, 0.00749637, 0.006495521, 0.0060951803, 0.0058950107], [0.015189119, 0.010032276, 0.00908233, 0.007318146, 0.0066396142, 0.0066396142, 0.0065039075, 0.005961082, 0.005961082, 0.0052825497], [0.012695572, 0.012173425, 0.01008484, 0.008866496, 0.008692448, 0.008692447, 0.0078222025, 0.0069519575, 0.0066038594, 0.0066038594], [0.026075305, 0.013986915, 0.011094898, 0.009421009, 0.008234544, 0.007898032, 0.0073952954, 0.0065594083, 0.006389272, 0.0058912844], [0.027518516, 0.023148911, 0.011569456, 0.011569456, 0.010040093, 0.009166173, 0.008510732, 0.007855291, 0.0071998495, 0.0071998495], [0.010664324, 0.008571537, 0.007842165, 0.007318687, 0.0061662146, 0.0055334643, 0.0054316525, 0.0052247774, 0.0049106907, 0.0048059495]]"
25,7,0.9099999999999999,10.0,35398.9296875,0.4234192926229672,,"[['data', 'estimator', 'variance', 'variable', 'missing', 'entropy', 'set', 'estimate', 'mse', 'normalized'], ['weight', 'algorithm', 'learning', 'network', 'space', 'sn', 'tree', 'harmony', 'current', 'gate'], ['model', 'distribution', 'measurement', 'gaussian', 'process', 'neural', 'linear', 'network', 'entropy', 'data'], ['model', 'cache', 'data', 'language', 'distribution', 'network', 'set', 'static', 'neural', 'using'], ['state', 'model', 'hidden', 'transition', 'learning', 'basis', 'number', 'rate', 'algorithm', 'input'], ['function', 'algorithm', 'gradient', 'set', 'relaxation', 'convex', 'loss', 'xi', 'ft', 'let'], ['feature', 'function', 'network', 'method', 'neuron', 'parameter', 'one', 'linear', 'set', 'value']]","[[0.018170591, 0.010956072, 0.01009033, 0.009657458, 0.009080296, 0.0083588455, 0.007781682, 0.0073488117, 0.007348811, 0.0072045205], [0.010592505, 0.008293167, 0.0076544615, 0.0072712386, 0.0070157563, 0.0066325334, 0.0062493095, 0.0062493095, 0.0059938277, 0.005738346], [0.029471733, 0.011329767, 0.008233344, 0.008127102, 0.007247456, 0.006525972, 0.0065153474, 0.006230414, 0.0061960355, 0.0060847215], [0.01988422, 0.0094334595, 0.007922506, 0.007418854, 0.0060338136, 0.0059079006, 0.0057819877, 0.005656075, 0.0055301627, 0.0055301627], [0.015748452, 0.012580376, 0.009504674, 0.007572006, 0.0072696377, 0.007126006, 0.006828376, 0.006671116, 0.0063826726, 0.006207659], [0.025316564, 0.010554021, 0.010147713, 0.009199659, 0.008928787, 0.0070326813, 0.0070326803, 0.0068972446, 0.0067618084, 0.0066263718], [0.016427439, 0.012228093, 0.009588505, 0.008148729, 0.007308859, 0.007068896, 0.006828934, 0.0058690836, 0.0055091395, 0.0055091395]]"
25,7,5.0,0.01,-62119.3671875,0.30782729033676176,,"[['set', 'state', 'entropy', 'estimate', 'training', 'new', 'second', 'basis', 'transition', 'therefore'], ['function', 'value', 'vector', 'weight', 'approach', 'rate', 'rule', 'network', 'eq', 'estimator'], ['learning', 'using', 'distribution', 'given', 'neuron', 'let', 'missing', 'ie', 'convex', 'consider'], ['algorithm', 'feature', 'case', 'gradient', 'sample', 'prediction', 'work', 'see', 'analysis', 'mean'], ['model', 'data', 'neural', 'parameter', 'linear', 'input', 'following', 'process', 'theorem', 'variance'], ['one', 'variable', 'problem', 'network', 'method', 'number', 'xi', 'show', 'two', 'size'], ['figure', 'result', 'used', 'probability', 'use', 'time', 'system', 'first', 'also', 'space']]","[[0.048287347, 0.031750716, 0.019757448, 0.019070333, 0.018201772, 0.013770823, 0.012886345, 0.011198911, 0.010880351, 0.00949619], [0.056206882, 0.023347322, 0.019879578, 0.016610254, 0.016284589, 0.015606671, 0.013796092, 0.01345757, 0.01317966, 0.0128110275], [0.034107175, 0.030674817, 0.029344002, 0.020547546, 0.018907657, 0.01731734, 0.01628786, 0.01554203, 0.011421738, 0.0106819775], [0.03652401, 0.02134224, 0.019843483, 0.015817955, 0.01484971, 0.0141919255, 0.0128449835, 0.012444666, 0.0123469075, 0.011903198], [0.07057317, 0.037198655, 0.024003396, 0.020867223, 0.019370817, 0.017466858, 0.015885307, 0.01442928, 0.012608154, 0.01250366], [0.026110355, 0.02599385, 0.025846327, 0.024850631, 0.022940166, 0.021411603, 0.019058298, 0.019031456, 0.017683562, 0.013653876], [0.023995487, 0.022323072, 0.021864934, 0.018263826, 0.017907409, 0.017446434, 0.017442606, 0.016687753, 0.016128551, 0.015631914]]"
25,7,5.0,0.31,33703.63671875,0.3832132229539467,,"[['data', 'network', 'missing', 'variable', 'entropy', 'parameter', 'mse', 'normalized', 'using', 'harmony'], ['state', 'ft', 'transition', 'algorithm', 'hidden', 'sequence', 'xt', 'convex', 'function', 'model'], ['algorithm', 'vector', 'training', 'model', 'basis', 'variance', 'independent', 'learning', 'set', 'matrix'], ['model', 'neuron', 'learning', 'cache', 'network', 'neural', 'rate', 'input', 'language', 'activation'], ['space', 'function', 'algorithm', 'sn', 'linear', 'ksu', 'value', 'policy', 'state', 'nn'], ['function', 'relaxation', 'xi', 'process', 'bisubmodular', 'gate', 'weight', 'synapse', 'current', 'tunneling'], ['model', 'feature', 'distribution', 'set', 'function', 'one', 'prediction', 'data', 'gradient', 'linear']]","[[0.015235573, 0.013772, 0.0076737693, 0.0075518047, 0.007063946, 0.007063946, 0.0066980524, 0.0060882303, 0.00608823, 0.0059662648], [0.025171883, 0.013237054, 0.012325134, 0.011375287, 0.011052748, 0.010579535, 0.010431812, 0.008952928, 0.008792523, 0.008726098], [0.008717663, 0.007517302, 0.0073195673, 0.006669777, 0.006516148, 0.0062684207, 0.0062200795, 0.0057137655, 0.0053166365, 0.0052527124], [0.017989064, 0.011349585, 0.008483629, 0.0077996394, 0.0075957924, 0.006984947, 0.0065819323, 0.0059727165, 0.0059702843, 0.0056697913], [0.011428876, 0.010740446, 0.010627012, 0.010259783, 0.009341302, 0.0075193997, 0.0074008927, 0.007335756, 0.007240897, 0.007088778], [0.019952068, 0.010357898, 0.008500961, 0.008036726, 0.0075724917, 0.0067987675, 0.0064892787, 0.0064892787, 0.006334534, 0.0060250442], [0.020077404, 0.013298935, 0.007369218, 0.006932292, 0.0066170325, 0.0065173437, 0.0062527764, 0.0053469148, 0.0051950803, 0.00508819]]"
25,7,5.0,0.61,34818.7109375,0.4088878898739959,,"[['function', 'algorithm', 'relaxation', 'set', 'xi', 'convex', 'loss', 'ft', 'let', 'bisubmodular'], ['entropy', 'data', 'vector', 'network', 'normalized', 'model', 'mse', 'algorithm', 'using', 'basis'], ['model', 'state', 'distribution', 'process', 'gaussian', 'parameter', 'transition', 'hidden', 'entropy', 'number'], ['feature', 'algorithm', 'space', 'sn', 'one', 'eq', 'set', 'method', 'score', 'ksu'], ['data', 'model', 'missing', 'set', 'variable', 'problem', 'neural', 'variance', 'error', 'estimate'], ['gradient', 'weight', 'harmony', 'tree', 'gate', 'network', 'current', 'synapse', 'tunneling', 'floating'], ['model', 'network', 'function', 'neuron', 'cache', 'parameter', 'learning', 'neural', 'language', 'rate']]","[[0.0310119, 0.0126971435, 0.010679397, 0.009181344, 0.008726475, 0.008411947, 0.008411946, 0.008088025, 0.007991257, 0.007926065], [0.008482616, 0.008336193, 0.007896919, 0.007750494, 0.007604069, 0.0074576456, 0.0074576456, 0.007018372, 0.0070183715, 0.0067255227], [0.020519087, 0.015035292, 0.011801257, 0.008989053, 0.008004782, 0.0074423403, 0.0074423403, 0.0064580697, 0.005895628, 0.005755018], [0.021673098, 0.009654616, 0.008256224, 0.00822008, 0.0077568046, 0.0075869975, 0.007289987, 0.007280363, 0.0067956434, 0.0064791017], [0.011768521, 0.010681211, 0.009775934, 0.007949831, 0.007868725, 0.0059567834, 0.005864606, 0.0056988266, 0.0056968615, 0.005515931], [0.011948476, 0.011948476, 0.011258563, 0.0110285925, 0.010108711, 0.00987874, 0.009648769, 0.009648768, 0.008958857, 0.008728886], [0.018386448, 0.011230127, 0.010487517, 0.0098254, 0.00753964, 0.0066844244, 0.0061078644, 0.006105704, 0.0057942537, 0.0057445318]]"
25,7,5.0,0.9099999999999999,34579.1171875,0.4073856848628062,,"[['model', 'state', 'transition', 'hidden', 'linear', 'measurement', 'network', 'neural', 'time', 'sequence'], ['model', 'function', 'cache', 'relaxation', 'language', 'xi', 'bisubmodular', 'rate', 'using', 'static'], ['function', 'network', 'constraint', 'value', 'parameter', 'linear', 'problem', 'state', 'learning', 'set'], ['feature', 'data', 'variable', 'gradient', 'set', 'model', 'method', 'missing', 'one', 'problem'], ['model', 'entropy', 'estimator', 'variance', 'data', 'distribution', 'sample', 'mse', 'normalized', 'estimate'], ['algorithm', 'function', 'space', 'probability', 'set', 'distribution', 'bound', 'sn', 'let', 'log'], ['network', 'neuron', 'weight', 'current', 'function', 'synapse', 'harmony', 'tree', 'gate', 'voltage']]","[[0.031011624, 0.027591921, 0.012691769, 0.0109819155, 0.009760591, 0.009027797, 0.009027797, 0.009027797, 0.008539268, 0.008050738], [0.018624807, 0.015213147, 0.008639621, 0.007601698, 0.00679436, 0.0059869285, 0.00564111, 0.0056409747, 0.0055157375, 0.0051786853], [0.010295932, 0.010005626, 0.009715317, 0.009570163, 0.008989546, 0.008118623, 0.008118623, 0.007392853, 0.0069573903, 0.0069573903], [0.015126567, 0.009549938, 0.007657866, 0.0075582843, 0.0069607873, 0.0068612047, 0.0065624574, 0.006263709, 0.006164126, 0.005467047], [0.015602266, 0.015299893, 0.011483788, 0.010812266, 0.010536563, 0.008864776, 0.008524321, 0.0077644386, 0.0077243014, 0.0067051444], [0.011740572, 0.010048916, 0.0073518595, 0.0063171703, 0.0062415847, 0.0061347065, 0.006055876, 0.005854747, 0.005675601, 0.0056685642], [0.015833262, 0.014028031, 0.013916796, 0.011025837, 0.010825806, 0.01022323, 0.009821928, 0.0096212765, 0.009019322, 0.00881867]]"
25,7,5.0,5.0,35363.62890625,0.39485590469926773,,"[['function', 'feature', 'relaxation', 'xi', 'method', 'process', 'one', 'bisubmodular', 'eq', 'set'], ['algorithm', 'function', 'set', 'loss', 'ft', 'variance', 'bound', 'convex', 'estimate', 'prediction'], ['neuron', 'data', 'entropy', 'rate', 'using', 'mse', 'normalized', 'network', 'input', 'estimator'], ['state', 'transition', 'function', 'hidden', 'linear', 'model', 'constraint', 'value', 'learning', 'policy'], ['model', 'network', 'neural', 'gradient', 'harmony', 'tree', 'linear', 'system', 'equation', 'function'], ['model', 'network', 'parameter', 'distribution', 'cache', 'learning', 'vector', 'language', 'data', 'number'], ['data', 'algorithm', 'missing', 'variable', 'theorem', 'sn', 'space', 'set', 'ry', 'ksu']]","[[0.014889255, 0.014466583, 0.0070697884, 0.005801766, 0.0055904295, 0.0054847607, 0.005379092, 0.0051677553, 0.00485075, 0.00485075], [0.015248459, 0.014319956, 0.012238196, 0.009960086, 0.0090537155, 0.008515365, 0.008172597, 0.007682963, 0.007639846, 0.007132968], [0.013110665, 0.008200161, 0.007809389, 0.0072792605, 0.0071439673, 0.0067491336, 0.0066166013, 0.0066165985, 0.0063510905, 0.0060854913], [0.026536042, 0.010294057, 0.009246187, 0.008896898, 0.008023672, 0.008023672, 0.0078490265, 0.0078490265, 0.007674381, 0.0069758007], [0.021103498, 0.01450553, 0.009392104, 0.008567358, 0.008072511, 0.007907562, 0.007742611, 0.0074127135, 0.0065879677, 0.0062580686], [0.025638875, 0.0104250945, 0.008669658, 0.007499367, 0.0073043182, 0.0065241237, 0.0064266003, 0.0057439306, 0.0056464057, 0.0056464057], [0.01273572, 0.0089790495, 0.008711139, 0.007369297, 0.007368978, 0.007100652, 0.006966771, 0.0065643294, 0.0056248554, 0.005490692]]"
25,7,5.0,10.0,35403.9140625,0.40675837456414893,,"[['model', 'data', 'missing', 'variable', 'distribution', 'independent', 'entropy', 'ry', 'analysis', 'rx'], ['function', 'relaxation', 'xi', 'rate', 'process', 'bisubmodular', 'input', 'model', 'gaussian', 'neuron'], ['feature', 'network', 'parameter', 'vector', 'method', 'one', 'function', 'algorithm', 'tree', 'set'], ['function', 'value', 'linear', 'current', 'gate', 'weight', 'synapse', 'state', 'policy', 'tunneling'], ['model', 'algorithm', 'set', 'cache', 'network', 'learning', 'neural', 'distribution', 'using', 'space'], ['state', 'estimator', 'variance', 'entropy', 'data', 'transition', 'mse', 'normalized', 'model', 'hidden'], ['neuron', 'gradient', 'activation', 'neural', 'circuit', 'chip', 'impulse', 'network', 'weight', 'learning']]","[[0.015322116, 0.014951477, 0.007967248, 0.007843456, 0.007346735, 0.005850186, 0.0052308985, 0.0052250675, 0.005103257, 0.0048511336], [0.021278828, 0.010325881, 0.008474678, 0.008011877, 0.007549076, 0.007549076, 0.007549075, 0.0063149408, 0.006006407, 0.00585214], [0.016837398, 0.012262939, 0.0076884776, 0.007019046, 0.0069074742, 0.0064611854, 0.0061264685, 0.005903324, 0.005903324, 0.0054570357], [0.017783942, 0.011610917, 0.008524157, 0.007979435, 0.007979435, 0.00797942, 0.0076162782, 0.0074346913, 0.0072531225, 0.0070715444], [0.019401956, 0.0091982335, 0.0076220497, 0.0062117795, 0.0057969936, 0.005133338, 0.0050503807, 0.0049674236, 0.0048844665, 0.0048844665], [0.016812664, 0.011575419, 0.011099306, 0.009194854, 0.008877445, 0.008083923, 0.008083923, 0.007925219, 0.0072904006, 0.0069729914], [0.015845833, 0.0115604745, 0.0115604745, 0.010060598, 0.009203525, 0.009203525, 0.008989258, 0.008346454, 0.008346454, 0.008132187]]"
25,7,10.0,0.01,-61398.3359375,0.3488135712753796,,"[['algorithm', 'one', 'problem', 'figure', 'linear', 'probability', 'gradient', 'training', 'term', 'variance'], ['distribution', 'xi', 'process', 'rule', 'constraint', 'example', 'approximation', 'weight', 'binary', 'defined'], ['model', 'function', 'set', 'learning', 'state', 'value', 'parameter', 'feature', 'show', 'input'], ['network', 'vector', 'also', 'system', 'time', 'analysis', 'space', 'work', 'paper', 'second'], ['variable', 'result', 'following', 'estimate', 'missing', 'first', 'independent', 'mean', 'hidden', 'given'], ['using', 'neural', 'number', 'neuron', 'approach', 'entropy', 'information', 'matrix', 'prediction', 'let'], ['data', 'case', 'eq', 'since', 'point', 'order', 'new', 'random', 'dimension', 'used']]","[[0.03912475, 0.026994893, 0.026863638, 0.02267924, 0.021682143, 0.020382911, 0.016946953, 0.015357219, 0.014045326, 0.013770036], [0.032652427, 0.022723507, 0.018003868, 0.016178649, 0.014422375, 0.01433696, 0.01408236, 0.013935689, 0.01375566, 0.012113632], [0.060120545, 0.040251106, 0.031807534, 0.025795868, 0.02067894, 0.018775495, 0.017775992, 0.017674612, 0.015059407, 0.014882064], [0.044296023, 0.02298724, 0.020418394, 0.018340724, 0.018295608, 0.016233597, 0.015584466, 0.0152968485, 0.0130451815, 0.012092684], [0.029605774, 0.02275684, 0.01887603, 0.017333405, 0.017187776, 0.017000234, 0.013759293, 0.013742022, 0.012920059, 0.011101057], [0.031528473, 0.02755385, 0.02304228, 0.019303404, 0.017643832, 0.017357832, 0.016737076, 0.016140208, 0.015585968, 0.014041442], [0.04036598, 0.020643797, 0.0141109275, 0.0132659, 0.013264716, 0.011542151, 0.011423789, 0.011286778, 0.0111354515, 0.010410979]]"
25,7,10.0,0.31,33794.05078125,0.4529949461583329,,"[['feature', 'set', 'algorithm', 'method', 'ft', 'function', 'convex', 'optimization', 'one', 'problem'], ['state', 'data', 'model', 'variable', 'missing', 'gradient', 'transition', 'tree', 'harmony', 'set'], ['neuron', 'activation', 'process', 'neural', 'circuit', 'learning', 'chip', 'function', 'impulse', 'network'], ['model', 'network', 'linear', 'function', 'parameter', 'state', 'error', 'value', 'neural', 'policy'], ['function', 'algorithm', 'relaxation', 'xi', 'set', 'theorem', 'space', 'sn', 'let', 'probability'], ['model', 'entropy', 'data', 'algorithm', 'vector', 'estimator', 'variance', 'independent', 'using', 'distribution'], ['model', 'cache', 'input', 'learning', 'language', 'weight', 'current', 'rate', 'network', 'neuron']]","[[0.021308467, 0.009175161, 0.008603897, 0.008597442, 0.00795768, 0.0073856483, 0.00722524, 0.0068929833, 0.006778159, 0.0067442595], [0.014424868, 0.011785598, 0.009550763, 0.008497329, 0.008235565, 0.0069267447, 0.00688792, 0.006403217, 0.006403217, 0.006010571], [0.013736798, 0.009149649, 0.008279874, 0.0074513084, 0.007388561, 0.0072576664, 0.007235327, 0.0071575744, 0.0070668305, 0.006579857], [0.018646702, 0.016661998, 0.015819531, 0.012863942, 0.011583168, 0.0091923, 0.009183383, 0.008978629, 0.008890587, 0.0073553165], [0.021494873, 0.011711254, 0.008843566, 0.00810985, 0.007994153, 0.007859107, 0.007814615, 0.0075021153, 0.0068635033, 0.006715627], [0.012559951, 0.009428173, 0.008643766, 0.0070889173, 0.006899977, 0.006877634, 0.006784192, 0.006120579, 0.0059555797, 0.0056895115], [0.022766536, 0.009292658, 0.008600133, 0.007613851, 0.0073080896, 0.006949741, 0.0067188535, 0.0065638567, 0.0061137597, 0.0058196476]]"
25,7,10.0,0.61,34628.90625,0.40853222274847034,,"[['model', 'state', 'cache', 'language', 'hidden', 'transition', 'learning', 'rate', 'number', 'static'], ['model', 'network', 'function', 'neural', 'parameter', 'prediction', 'training', 'data', 'linear', 'set'], ['feature', 'method', 'one', 'process', 'eq', 'score', 'distribution', 'gaussian', 'region', 'selection'], ['data', 'theorem', 'missing', 'algorithm', 'variable', 'sn', 'space', 'set', 'gate', 'weight'], ['function', 'gradient', 'algorithm', 'relaxation', 'convex', 'network', 'vector', 'xi', 'set', 'ft'], ['model', 'entropy', 'estimator', 'variance', 'data', 'distribution', 'sample', 'mse', 'normalized', 'estimate'], ['function', 'neuron', 'value', 'constraint', 'linear', 'problem', 'activation', 'state', 'learning', 'xi']]","[[0.027150035, 0.01497002, 0.010490014, 0.008530011, 0.0074100103, 0.007130009, 0.006990009, 0.0068500084, 0.006290009, 0.006290009], [0.014228431, 0.012364235, 0.00982248, 0.008614471, 0.008478888, 0.008219957, 0.0061112177, 0.0059258617, 0.005489635, 0.005225062], [0.024330309, 0.008340325, 0.008162659, 0.008162659, 0.007984993, 0.007629659, 0.0070966594, 0.006741326, 0.006208327, 0.006208326], [0.010998841, 0.009135808, 0.008261569, 0.008177825, 0.0075285933, 0.0072386386, 0.0071277833, 0.0063676178, 0.0055892104, 0.005366003], [0.017351434, 0.010202608, 0.009691978, 0.0067303213, 0.006423943, 0.0063218167, 0.0063218167, 0.0061175646, 0.006015439, 0.005606935], [0.01554514, 0.015240137, 0.0111226, 0.010817597, 0.010512595, 0.008835079, 0.008530077, 0.0077675697, 0.0076150685, 0.00670006], [0.011344192, 0.010492626, 0.009782989, 0.009357208, 0.008079861, 0.007654078, 0.007654078, 0.0072282963, 0.006802514, 0.0066605867]]"
25,7,10.0,0.9099999999999999,35374.609375,0.38515163471104513,,"[['input', 'parameter', 'network', 'weight', 'function', 'current', 'rate', 'neuron', 'model', 'gate'], ['model', 'linear', 'function', 'value', 'state', 'network', 'distribution', 'neural', 'error', 'entropy'], ['state', 'data', 'model', 'process', 'variable', 'missing', 'gradient', 'transition', 'set', 'distribution'], ['feature', 'function', 'algorithm', 'relaxation', 'set', 'xi', 'one', 'space', 'sn', 'method'], ['model', 'cache', 'neuron', 'network', 'language', 'neural', 'static', 'component', 'artifact', 'impulse'], ['algorithm', 'data', 'set', 'estimator', 'variance', 'vector', 'using', 'problem', 'entropy', 'learning'], ['function', 'algorithm', 'network', 'ft', 'harmony', 'tree', 'activation', 'weight', 'xt', 'learning']]","[[0.011174486, 0.011174486, 0.010375593, 0.00973648, 0.008777809, 0.008138696, 0.007819139, 0.007499582, 0.0070202476, 0.007020247], [0.030566357, 0.014406831, 0.009970883, 0.008069763, 0.007911336, 0.007752908, 0.0074360557, 0.0069607743, 0.0068023484, 0.0066439216], [0.012198055, 0.011171209, 0.010144364, 0.008318861, 0.007862484, 0.0071779205, 0.0067215445, 0.0058087925, 0.0055806045, 0.005352417], [0.015997287, 0.015062556, 0.008285747, 0.0077015385, 0.0072341734, 0.006883648, 0.0061826, 0.0060657584, 0.0060657584, 0.0058320747], [0.023796318, 0.011435344, 0.00929888, 0.009146275, 0.008993671, 0.007772834, 0.0068572066, 0.0065519973, 0.006399392, 0.006399392], [0.008708893, 0.007961113, 0.007483183, 0.0072116423, 0.0068365457, 0.0062701018, 0.0057084076, 0.0056975805, 0.0055235117, 0.005518642], [0.011403062, 0.010993683, 0.010990229, 0.0103753535, 0.009968085, 0.009764451, 0.008949911, 0.008339009, 0.008135374, 0.007942311]]"
25,7,10.0,5.0,35302.125,0.31911396701145467,,"[['function', 'network', 'relaxation', 'neuron', 'xi', 'tree', 'harmony', 'bisubmodular', 'activation', 'impulse'], ['algorithm', 'space', 'sn', 'set', 'function', 'gradient', 'probability', 'theorem', 'bound', 'rule'], ['data', 'network', 'missing', 'parameter', 'variable', 'set', 'ry', 'problem', 'learning', 'artifact'], ['model', 'distribution', 'function', 'algorithm', 'gaussian', 'measurement', 'ft', 'linear', 'process', 'neural'], ['model', 'cache', 'language', 'static', 'gate', 'current', 'weight', 'learning', 'synapse', 'tunneling'], ['feature', 'entropy', 'one', 'eq', 'data', 'mse', 'input', 'normalized', 'rate', 'method'], ['state', 'model', 'value', 'set', 'linear', 'problem', 'algorithm', 'hidden', 'number', 'function']]","[[0.028084248, 0.012109087, 0.012109087, 0.011190974, 0.0091711255, 0.008987504, 0.008987504, 0.008987504, 0.007702145, 0.007702145], [0.011900959, 0.008961891, 0.008652516, 0.008497828, 0.008033765, 0.007879077, 0.007724388, 0.007260325, 0.006641574, 0.0066415737], [0.013440273, 0.009349676, 0.008550084, 0.007870257, 0.0075988844, 0.0063679195, 0.005696723, 0.00569276, 0.005490701, 0.0051532257], [0.023200283, 0.008908238, 0.0070788558, 0.0065071736, 0.006392838, 0.006392837, 0.006049828, 0.0058211554, 0.0057068192, 0.005135136], [0.029105864, 0.015302949, 0.011740539, 0.009257066, 0.008933954, 0.008906697, 0.008884542, 0.008663751, 0.00835479, 0.0077573033], [0.016408853, 0.0074957605, 0.007143928, 0.0067920955, 0.006674818, 0.0059711533, 0.005971153, 0.0058538765, 0.005736598, 0.0055020438], [0.0139677115, 0.007831464, 0.0069786813, 0.006978276, 0.0067873565, 0.0065956335, 0.0062118, 0.006116733, 0.006116407, 0.0059254565]]"
25,7,10.0,10.0,35413.70703125,0.3485945114142823,,"[['data', 'missing', 'variable', 'rate', 'ry', 'input', 'neuron', 'rx', 'model', 'vo'], ['model', 'feature', 'state', 'cache', 'one', 'language', 'number', 'set', 'hidden', 'transition'], ['algorithm', 'estimator', 'set', 'variance', 'sn', 'sample', 'entropy', 'estimate', 'space', 'data'], ['model', 'distribution', 'gradient', 'gaussian', 'process', 'harmony', 'tree', 'network', 'entropy', 'function'], ['function', 'network', 'constraint', 'value', 'parameter', 'linear', 'problem', 'state', 'learning', 'set'], ['model', 'function', 'network', 'prediction', 'neuron', 'neural', 'impulse', 'linear', 'rule', 'measurement'], ['function', 'relaxation', 'algorithm', 'xi', 'vector', 'bisubmodular', 'basis', 'weight', 'gate', 'learning']]","[[0.018004559, 0.014176466, 0.012600192, 0.010348371, 0.009222461, 0.008997279, 0.008546915, 0.008321734, 0.008096551, 0.007195823], [0.019430662, 0.014092262, 0.01086888, 0.0075447843, 0.0063359644, 0.0062352885, 0.005832366, 0.0056309057, 0.005328714, 0.0053287125], [0.012863386, 0.008211658, 0.00767076, 0.0075625796, 0.006372603, 0.0063726027, 0.006264423, 0.0060480633, 0.005831704, 0.005507165], [0.017346883, 0.010300392, 0.007951183, 0.0074291327, 0.0065154643, 0.006385031, 0.006254199, 0.005975124, 0.005471475, 0.0053297947], [0.010295933, 0.010005626, 0.009715317, 0.009570163, 0.008989547, 0.008118623, 0.008118623, 0.0073928535, 0.006957391, 0.006957391], [0.019692382, 0.0134394625, 0.011120105, 0.011095985, 0.010919034, 0.010562473, 0.0078701135, 0.00751311, 0.007340235, 0.006616458], [0.015234278, 0.007975099, 0.007491152, 0.0072491798, 0.006523262, 0.00591833, 0.005797344, 0.0057973433, 0.0053133983, 0.005192412]]"
25,10,0.01,0.01,-79523.8046875,0.3253071445021156,,"[['function', 'one', 'parameter', 'probability', 'let', 'missing', 'show', 'hidden', 'defined', 'large'], ['network', 'used', 'system', 'size', 'equation', 'random', 'paper', 'time', 'note', 'unit'], ['case', 'algorithm', 'following', 'estimate', 'method', 'since', 'approximation', 'output', 'log', 'bound'], ['model', 'value', 'given', 'error', 'first', 'section', 'point', 'current', 'cache', 'basis'], ['state', 'number', 'linear', 'result', 'gradient', 'information', 'process', 'prediction', 'relaxation', 'small'], ['neural', 'using', 'weight', 'algorithm', 'entropy', 'sample', 'ie', 'term', 'see', 'activation'], ['set', 'data', 'learning', 'figure', 'input', 'rule', 'variance', 'language', 'based', 'classification'], ['xi', 'analysis', 'example', 'mean', 'order', 'training', 'also', 'new', 'shown', 'consider'], ['feature', 'vector', 'matrix', 'work', 'estimator', 'constraint', 'approach', 'however', 'convex', 'second'], ['distribution', 'variable', 'problem', 'two', 'neuron', 'use', 'rate', 'space', 'optimal', 'dimension']]","[[0.07559338, 0.035127237, 0.028403033, 0.026342236, 0.021862166, 0.020593284, 0.018054347, 0.01556809, 0.0138866445, 0.012588544], [0.06924299, 0.036073785, 0.026674923, 0.025494445, 0.02050509, 0.019714253, 0.017530961, 0.016009208, 0.015702479, 0.0144475205], [0.03041408, 0.029551389, 0.025906017, 0.023790134, 0.022105932, 0.019914849, 0.019059367, 0.017702177, 0.01697067, 0.016756587], [0.10137966, 0.03166528, 0.024670461, 0.021514717, 0.02057351, 0.017558875, 0.017553268, 0.016086832, 0.01439863, 0.012310525], [0.03733206, 0.031071825, 0.030281758, 0.029445648, 0.023642637, 0.022403313, 0.022212457, 0.02120757, 0.013402742, 0.013240114], [0.03785367, 0.037170034, 0.024865258, 0.02457481, 0.023852874, 0.022810485, 0.021661207, 0.019862715, 0.019011188, 0.016846934], [0.05251424, 0.05243319, 0.042663, 0.027352132, 0.024589967, 0.018329246, 0.017613621, 0.012070952, 0.011960204, 0.011872556], [0.022907127, 0.020997362, 0.018509554, 0.018307054, 0.01817335, 0.018138785, 0.017562091, 0.016655568, 0.016529398, 0.014987723], [0.03657571, 0.032181554, 0.02442412, 0.022100605, 0.02146174, 0.020287886, 0.018861907, 0.01865078, 0.01799099, 0.017491743], [0.040520027, 0.038494967, 0.03767725, 0.029295892, 0.02599734, 0.023549426, 0.020839566, 0.020724006, 0.01828863, 0.0156153]]"
25,10,0.01,0.31,34883.05078125,0.45684943524639976,,"[['function', 'model', 'relaxation', 'distribution', 'xi', 'bisubmodular', 'rate', 'neuron', 'entropy', 'input'], ['feature', 'tree', 'harmony', 'one', 'score', 'method', 'network', 'eq', 'selection', 'mi'], ['weight', 'current', 'learning', 'gate', 'synapse', 'chip', 'tunneling', 'floating', 'voltage', 'electron'], ['algorithm', 'ft', 'set', 'variance', 'estimate', 'xt', 'function', 'convex', 'loss', 'regret'], ['algorithm', 'sn', 'space', 'ksu', 'artifact', 'compression', 'metric', 'nn', 'bayesconsistent', 'independent'], ['model', 'network', 'neuron', 'neural', 'impulse', 'linear', 'measurement', 'circuit', 'function', 'error'], ['model', 'state', 'parameter', 'network', 'cache', 'language', 'number', 'hidden', 'transition', 'set'], ['entropy', 'data', 'mse', 'normalized', 'estimator', 'function', 'corr', 'stream', 'algorithm', 'log'], ['data', 'missing', 'variable', 'process', 'distribution', 'model', 'case', 'region', 'set', 'problem'], ['gradient', 'linear', 'model', 'basis', 'function', 'vector', 'value', 'algorithm', 'problem', 'policy']]","[[0.021479731, 0.017687427, 0.010418841, 0.00804865, 0.007890638, 0.0077326237, 0.007416599, 0.0072585857, 0.006784548, 0.0066265347], [0.030606331, 0.011834273, 0.010940366, 0.010716889, 0.009599505, 0.009152551, 0.009152551, 0.0078116893, 0.0078116893, 0.007141259], [0.02260413, 0.014549784, 0.014240001, 0.013930219, 0.013000871, 0.012071523, 0.012071523, 0.011761741, 0.011142176, 0.0102128275], [0.016325446, 0.013833599, 0.012726111, 0.012726111, 0.011618622, 0.010511135, 0.009957391, 0.009957391, 0.009126775, 0.009126775], [0.013164902, 0.011039917, 0.010827419, 0.0087024355, 0.00806494, 0.007639942, 0.0074274447, 0.0074274447, 0.0072149453, 0.006789949], [0.02896039, 0.016776582, 0.01650583, 0.015964326, 0.011903059, 0.011090805, 0.0100078, 0.0100078, 0.008654042, 0.008654042], [0.024934696, 0.015050072, 0.011418815, 0.0112718595, 0.010546125, 0.008575647, 0.00816545, 0.0076097213, 0.0071681626, 0.0063284887], [0.013466066, 0.012552435, 0.011638803, 0.011410395, 0.01095358, 0.009811539, 0.008669501, 0.008212685, 0.007527461, 0.007527461], [0.01313966, 0.011242716, 0.009671145, 0.0074880435, 0.0066390787, 0.006344489, 0.006330144, 0.0055560786, 0.0055414564, 0.0054042437], [0.011625385, 0.010561563, 0.009028007, 0.008987482, 0.008800775, 0.006854888, 0.0068434435, 0.006723062, 0.006231693, 0.006195803]]"
25,10,0.01,0.61,35201.40625,0.4028493417294122,,"[['function', 'linear', 'gradient', 'set', 'value', 'state', 'policy', 'rule', 'probability', 'prediction'], ['feature', 'score', 'method', 'one', 'eq', 'selection', 'mi', 'information', 'ji', 'binary'], ['harmony', 'tree', 'rate', 'network', 'input', 'neuron', 'function', 'parse', 'noise', 'energy'], ['function', 'relaxation', 'xi', 'algorithm', 'bisubmodular', 'basis', 'vector', 'submodular', 'problem', 'model'], ['algorithm', 'sn', 'space', 'ft', 'function', 'bound', 'gate', 'synapse', 'set', 'weight'], ['estimator', 'variance', 'data', 'entropy', 'mse', 'normalized', 'estimate', 'set', 'mean', 'using'], ['model', 'state', 'transition', 'hidden', 'linear', 'measurement', 'network', 'neural', 'time', 'sequence'], ['model', 'data', 'distribution', 'variable', 'missing', 'process', 'gaussian', 'entropy', 'ry', 'region'], ['network', 'parameter', 'artifact', 'neural', 'independent', 'training', 'rf', 'component', 'function', 'signal'], ['model', 'neuron', 'cache', 'network', 'learning', 'neural', 'language', 'activation', 'static', 'circuit']]","[[0.017462, 0.009974, 0.009782, 0.008054, 0.008054, 0.0076700007, 0.00767, 0.0072860005, 0.007286, 0.00671], [0.044502437, 0.013961057, 0.013311239, 0.012986332, 0.011361791, 0.011361791, 0.010387066, 0.009087433, 0.009087433, 0.008437616], [0.015992668, 0.015666084, 0.014686329, 0.014033158, 0.013379986, 0.012400234, 0.011420477, 0.010114138, 0.009787552, 0.009787552], [0.022226121, 0.012533454, 0.011393138, 0.009492617, 0.009302565, 0.008732407, 0.0077821454, 0.006451778, 0.006261727, 0.0058816215], [0.014369195, 0.008736175, 0.007698493, 0.0074020126, 0.007400899, 0.0066608116, 0.0065125325, 0.0062160525, 0.006215761, 0.0062152115], [0.012533993, 0.012194967, 0.0110083725, 0.009821779, 0.008635185, 0.008465672, 0.008296158, 0.008296158, 0.007448591, 0.006770537], [0.03117483, 0.027777188, 0.012675074, 0.010967467, 0.009747747, 0.009202915, 0.009071267, 0.009036728, 0.00853701, 0.008040142], [0.015909992, 0.013972332, 0.011281626, 0.009024555, 0.008373276, 0.007455699, 0.007190422, 0.0054316465, 0.0053605414, 0.004967076], [0.013863819, 0.012744964, 0.008493309, 0.0075982236, 0.0073744515, 0.0071506808, 0.0071506808, 0.0069269096, 0.0069269096, 0.006703138], [0.023592869, 0.012029252, 0.011316116, 0.01070008, 0.009740967, 0.009451996, 0.008668452, 0.008656906, 0.0069033406, 0.006456952]]"
25,10,0.01,0.9099999999999999,35632.296875,0.46865564420509365,,"[['process', 'gaussian', 'region', 'distribution', 'shrinkage', 'kx', 'heavytailed', 'sparse', 'model', 'log'], ['data', 'missing', 'variable', 'set', 'variance', 'estimate', 'ry', 'example', 'rx', 'vo'], ['model', 'distribution', 'cache', 'language', 'gradient', 'entropy', 'data', 'static', 'set', 'network'], ['entropy', 'algorithm', 'mse', 'ft', 'normalized', 'estimator', 'data', 'corr', 'xt', 'convex'], ['neuron', 'weight', 'network', 'input', 'function', 'current', 'activation', 'learning', 'rate', 'synapse'], ['algorithm', 'sn', 'space', 'ksu', 'compression', 'metric', 'nn', 'bayesconsistent', 'probability', 'rf'], ['function', 'relaxation', 'xi', 'bisubmodular', 'set', 'algorithm', 'submodular', 'let', 'prediction', 'ui'], ['state', 'transition', 'hidden', 'model', 'data', 'artifact', 'number', 'problem', 'independent', 'matrix'], ['model', 'linear', 'function', 'state', 'value', 'network', 'error', 'policy', 'measurement', 'neural'], ['feature', 'network', 'parameter', 'method', 'algorithm', 'one', 'basis', 'selection', 'set', 'score']]","[[0.017760364, 0.014669866, 0.013510931, 0.011965682, 0.010034121, 0.009647808, 0.009647808, 0.008102559, 0.007716246, 0.007716246], [0.018439647, 0.014035178, 0.013791954, 0.011338547, 0.010227305, 0.009336279, 0.009084244, 0.008640622, 0.008197001, 0.007087945], [0.03500607, 0.011011935, 0.010578274, 0.008378347, 0.0076138126, 0.007196662, 0.0070509925, 0.006342963, 0.0062046805, 0.0053547933], [0.013266212, 0.011663911, 0.011663911, 0.011435011, 0.011435011, 0.0109772105, 0.010061609, 0.008688209, 0.008688208, 0.008230408], [0.014055267, 0.011669193, 0.010664534, 0.0096598705, 0.00915754, 0.008906375, 0.008780791, 0.008529626, 0.008027295, 0.0065203016], [0.011079085, 0.011079085, 0.010865833, 0.008733317, 0.007667059, 0.0074538067, 0.0074538067, 0.0072405552, 0.007027303, 0.0068140514], [0.036089856, 0.015664935, 0.01210245, 0.011627452, 0.008777464, 0.008302466, 0.008064967, 0.007827469, 0.007827468, 0.00735247], [0.019674027, 0.009550832, 0.008238562, 0.007487278, 0.0074554333, 0.0071137585, 0.0071130865, 0.0067255427, 0.0063638897, 0.006363445], [0.025977796, 0.021901282, 0.013493464, 0.012219552, 0.012219552, 0.01094564, 0.010690859, 0.010181294, 0.009416946, 0.009162164], [0.01990298, 0.009221221, 0.009089333, 0.008165008, 0.006715354, 0.006580981, 0.006320025, 0.006188142, 0.0061854445, 0.005924389]]"
25,10,0.01,5.0,34655.765625,0.40712668747561426,,"[['function', 'state', 'relaxation', 'transition', 'linear', 'xi', 'bisubmodular', 'model', 'variable', 'hidden'], ['entropy', 'mse', 'normalized', 'estimator', 'data', 'corr', 'stream', 'using', 'variance', 'shannon'], ['input', 'neuron', 'weight', 'current', 'rate', 'synapse', 'voltage', 'function', 'gate', 'model'], ['variance', 'set', 'estimate', 'xi', 'value', 'case', 'error', 'missing', 'crossvalidation', 'estimator'], ['data', 'missing', 'algorithm', 'variable', 'theorem', 'sn', 'space', 'set', 'ry', 'ksu'], ['function', 'learning', 'chip', 'algorithm', 'probability', 'prediction', 'weight', 'mixture', 'log', 'set'], ['model', 'algorithm', 'ft', 'distribution', 'function', 'independent', 'entropy', 'xt', 'artifact', 'data'], ['model', 'algorithm', 'basis', 'process', 'vector', 'gaussian', 'region', 'gradient', 'distribution', 'learning'], ['network', 'model', 'parameter', 'neural', 'gradient', 'system', 'harmony', 'tree', 'linear', 'equation'], ['model', 'feature', 'cache', 'language', 'one', 'network', 'method', 'set', 'neural', 'static']]","[[0.024608076, 0.022426726, 0.010273501, 0.009182827, 0.009027016, 0.009027016, 0.0076247198, 0.0071572876, 0.0071572876, 0.006845666], [0.023279645, 0.020468824, 0.020067276, 0.018059544, 0.017410483, 0.015248723, 0.014445631, 0.010922338, 0.009727067, 0.009627075], [0.014568994, 0.0136610735, 0.012194432, 0.0119792195, 0.011001643, 0.010394637, 0.009144351, 0.009129019, 0.009007392, 0.008447119], [0.013862727, 0.013284696, 0.011550604, 0.011261591, 0.008949469, 0.008660453, 0.008660453, 0.008660453, 0.008660453, 0.008371438], [0.013234045, 0.010750787, 0.009426383, 0.00909528, 0.00909528, 0.00876418, 0.008598629, 0.0076053254, 0.0067775734, 0.0067775734], [0.013365775, 0.012227411, 0.010804457, 0.009666093, 0.009666093, 0.009381503, 0.009096911, 0.008243138, 0.008243138, 0.007958547], [0.016209416, 0.010100418, 0.008710431, 0.0087083755, 0.007838387, 0.0076354165, 0.0073151644, 0.0066175307, 0.0066174315, 0.0063761696], [0.009023405, 0.008300732, 0.008300732, 0.008300732, 0.0075780596, 0.0068553872, 0.006313382, 0.0055907103, 0.00559071, 0.00559071], [0.020079551, 0.01879382, 0.0101151345, 0.008990119, 0.008668686, 0.007865104, 0.007865103, 0.0077043874, 0.007222238, 0.006740089], [0.020105585, 0.017708944, 0.009550575, 0.0076384577, 0.0073570623, 0.0070575895, 0.006487935, 0.0061087636, 0.005801717, 0.0057263398]]"
25,10,0.01,10.0,35567.73046875,0.4221443455164728,,"[['model', 'linear', 'function', 'state', 'value', 'network', 'error', 'policy', 'measurement', 'neural'], ['neuron', 'entropy', 'current', 'mse', 'synapse', 'normalized', 'weight', 'network', 'data', 'estimator'], ['feature', 'function', 'xi', 'relaxation', 'set', 'variable', 'bisubmodular', 'method', 'one', 'problem'], ['input', 'neuron', 'rate', 'model', 'rf', 'function', 'noise', 'eq', 'change', 'membrane'], ['network', 'harmony', 'tree', 'activation', 'weight', 'chip', 'energy', 'parse', 'learning', 'boltzmann'], ['model', 'state', 'distribution', 'process', 'gaussian', 'parameter', 'transition', 'hidden', 'entropy', 'number'], ['algorithm', 'function', 'set', 'loss', 'ft', 'variance', 'bound', 'estimate', 'convex', 'prediction'], ['data', 'missing', 'variable', 'model', 'basis', 'algorithm', 'ry', 'vector', 'problem', 'rx'], ['algorithm', 'sn', 'space', 'ksu', 'artifact', 'compression', 'nn', 'metric', 'bayesconsistent', 'independent'], ['model', 'network', 'cache', 'parameter', 'language', 'gradient', 'set', 'static', 'et', 'neural']]","[[0.0259778, 0.021901283, 0.013493464, 0.012219554, 0.012219554, 0.0109456405, 0.0106908595, 0.010181295, 0.009416947, 0.009162165], [0.01046374, 0.009948639, 0.009433536, 0.008746734, 0.008746734, 0.008575032, 0.008575032, 0.008403332, 0.008059932, 0.0077165295], [0.019415097, 0.017567456, 0.011607841, 0.009348079, 0.008303827, 0.008053382, 0.006937667, 0.0067935125, 0.006791274, 0.0067751035], [0.015869899, 0.015221741, 0.014897661, 0.011008706, 0.010360546, 0.009712387, 0.009712387, 0.0074438304, 0.00711975, 0.006795671], [0.01790075, 0.016242348, 0.015910666, 0.014583946, 0.013588902, 0.012593861, 0.011598819, 0.010272097, 0.009940417, 0.0076186527], [0.020519141, 0.015035332, 0.0118012875, 0.008989076, 0.008004802, 0.00744236, 0.00744236, 0.006458086, 0.0058956435, 0.005755033], [0.015232411, 0.014292264, 0.012177826, 0.0099434145, 0.009038557, 0.008788803, 0.008189282, 0.007669752, 0.00764483, 0.007165511], [0.014949409, 0.010954045, 0.010246707, 0.00798649, 0.007982098, 0.0078105116, 0.007113389, 0.0067734444, 0.0067715473, 0.0064184247], [0.013164909, 0.011039924, 0.010827425, 0.008702439, 0.008064943, 0.0076399464, 0.0074274484, 0.007427448, 0.007214949, 0.0067899516], [0.025505677, 0.012747839, 0.011950474, 0.009877326, 0.0093989065, 0.008601541, 0.0078041754, 0.007166284, 0.0063689193, 0.006049973]]"
25,10,0.31,0.01,-79692.3828125,0.3304749125534626,,"[['neural', 'value', 'approach', 'section', 'matrix', 'system', 'shown', 'equation', 'new', 'dimension'], ['xi', 'let', 'problem', 'estimate', 'use', 'theorem', 'test', 'relaxation', 'loss', 'rx'], ['entropy', 'estimator', 'cache', 'sequence', 'optimization', 'sn', 'optimal', 'region', 'signal', 'lemma'], ['function', 'algorithm', 'data', 'figure', 'following', 'used', 'missing', 'eq', 'rule', 'term'], ['model', 'feature', 'parameter', 'gradient', 'ie', 'order', 'bound', 'machine', 'transition', 'xt'], ['variable', 'method', 'given', 'network', 'information', 'sample', 'training', 'approximation', 'independent', 'defined'], ['state', 'two', 'time', 'prediction', 'constraint', 'binary', 'distribution', 'paper', 'second', 'et'], ['set', 'number', 'case', 'input', 'also', 'analysis', 'since', 'however', 'space', 'problem'], ['network', 'result', 'learning', 'show', 'neuron', 'distribution', 'rate', 'process', 'hidden', 'random'], ['using', 'one', 'linear', 'probability', 'weight', 'vector', 'size', 'mean', 'current', 'data']]","[[0.036942642, 0.033912133, 0.020994052, 0.0188138, 0.0187449, 0.018586086, 0.017432524, 0.01641075, 0.01617495, 0.015813788], [0.029689098, 0.024970021, 0.023801947, 0.023690913, 0.018855842, 0.018824011, 0.0149916, 0.014168053, 0.014162273, 0.013949188], [0.02585844, 0.020744719, 0.017142532, 0.015128259, 0.015096413, 0.014207885, 0.012670411, 0.012006102, 0.011958077, 0.01121171], [0.07450514, 0.049851064, 0.03733284, 0.028933976, 0.0223149, 0.021447318, 0.019893497, 0.018208213, 0.01814763, 0.01791363], [0.11242998, 0.033068627, 0.03290592, 0.02450844, 0.021974375, 0.020503707, 0.01634971, 0.013978059, 0.013252537, 0.012613193], [0.035382263, 0.035063475, 0.029284196, 0.025100311, 0.023630222, 0.023310838, 0.022565728, 0.01959282, 0.018763665, 0.01576082], [0.03894458, 0.028494623, 0.024028322, 0.021811496, 0.018572351, 0.017164687, 0.01652469, 0.016298315, 0.015343194, 0.01527608], [0.06317043, 0.033009514, 0.03263104, 0.029451277, 0.028206868, 0.021338657, 0.020681048, 0.017704671, 0.016742982, 0.016501678], [0.029974785, 0.027829455, 0.026510915, 0.02612846, 0.022030713, 0.021703811, 0.021401491, 0.019493468, 0.015868073, 0.014983446], [0.042452008, 0.038011055, 0.030365018, 0.02777009, 0.02431035, 0.018893775, 0.018642271, 0.017568547, 0.017262828, 0.016387716]]"
25,10,0.31,0.31,34411.41796875,0.4355188357336142,,"[['entropy', 'mse', 'gradient', 'normalized', 'data', 'estimator', 'corr', 'stream', 'two', 'using'], ['model', 'distribution', 'independent', 'entropy', 'artifact', 'data', 'dg', 'dimension', 'signal', 'component'], ['data', 'missing', 'variable', 'set', 'estimate', 'case', 'variance', 'xi', 'problem', 'value'], ['model', 'process', 'basis', 'algorithm', 'vector', 'gaussian', 'region', 'distribution', 'learning', 'gradient'], ['weight', 'harmony', 'tree', 'gate', 'network', 'synapse', 'current', 'tunneling', 'floating', 'voltage'], ['model', 'cache', 'network', 'language', 'neural', 'static', 'linear', 'recurrent', 'using', 'data'], ['feature', 'eq', 'one', 'rate', 'score', 'information', 'method', 'input', 'neuron', 'selection'], ['network', 'neuron', 'neural', 'function', 'parameter', 'weight', 'activation', 'circuit', 'chip', 'impulse'], ['function', 'relaxation', 'linear', 'xi', 'bisubmodular', 'set', 'variable', 'value', 'state', 'policy'], ['state', 'algorithm', 'sn', 'sequence', 'space', 'set', 'transition', 'ft', 'hidden', 'function']]","[[0.015291424, 0.013444701, 0.0134447, 0.013180883, 0.012389431, 0.011861795, 0.010015071, 0.009487435, 0.0076407115, 0.0071130763], [0.024016047, 0.012907229, 0.010840472, 0.010840472, 0.009807093, 0.009290405, 0.008515371, 0.008257027, 0.007998682, 0.007481992], [0.016050747, 0.014926498, 0.013159813, 0.011232524, 0.0081809815, 0.007859767, 0.0076991594, 0.007538551, 0.007217337, 0.0067355144], [0.009048646, 0.008321537, 0.008313641, 0.008293771, 0.007578939, 0.0068616797, 0.0063074133, 0.005591423, 0.005589583, 0.005586239], [0.017098824, 0.016111774, 0.01578276, 0.014466697, 0.014137682, 0.013808667, 0.013479649, 0.012821618, 0.012492602, 0.011176539], [0.043516133, 0.014121862, 0.012991314, 0.011107065, 0.010353365, 0.008469118, 0.0077154175, 0.0077154175, 0.0075269933, 0.007150144], [0.029104125, 0.012315688, 0.009977763, 0.009975915, 0.009128015, 0.009127314, 0.008702991, 0.008698936, 0.008052175, 0.0074279197], [0.017451935, 0.014781586, 0.012123159, 0.010454853, 0.010294642, 0.009967587, 0.009602659, 0.007646872, 0.0076333745, 0.007469971], [0.032207437, 0.010675179, 0.009541903, 0.009541902, 0.007922936, 0.0074372455, 0.0074372455, 0.0071134516, 0.0066277618, 0.0064658658], [0.01405734, 0.013252153, 0.0073890346, 0.0070122527, 0.0068868073, 0.006731829, 0.006385743, 0.006385542, 0.006342635, 0.0056662248]]"
25,10,0.31,0.61,35695.6015625,0.44912236088537744,,"[['function', 'relaxation', 'xi', 'bisubmodular', 'set', 'algorithm', 'submodular', 'prediction', 'let', 'ui'], ['state', 'set', 'transition', 'variance', 'hidden', 'estimate', 'model', 'xi', 'number', 'problem'], ['algorithm', 'entropy', 'space', 'sn', 'mse', 'normalized', 'sample', 'data', 'estimator', 'ksu'], ['model', 'data', 'missing', 'variable', 'ry', 'network', 'linear', 'measurement', 'rx', 'neural'], ['model', 'distribution', 'rate', 'neuron', 'input', 'independent', 'entropy', 'fig', 'artifact', 'signal'], ['model', 'cache', 'language', 'gradient', 'static', 'news', 'set', 'unbounded', 'network', 'distribution'], ['parameter', 'network', 'process', 'gaussian', 'region', 'distribution', 'function', 'shrinkage', 'kx', 'heavytailed'], ['feature', 'method', 'function', 'basis', 'linear', 'one', 'algorithm', 'problem', 'approximation', 'selection'], ['neuron', 'function', 'algorithm', 'neural', 'activation', 'learning', 'ft', 'network', 'weight', 'chip'], ['weight', 'harmony', 'tree', 'gate', 'network', 'synapse', 'current', 'tunneling', 'floating', 'voltage']]","[[0.036090035, 0.015664853, 0.012102629, 0.011627391, 0.008777493, 0.008302457, 0.008064923, 0.0078275595, 0.007827474, 0.0073524294], [0.019108841, 0.009638705, 0.009102721, 0.0085666785, 0.007851956, 0.007494593, 0.007494593, 0.0069583626, 0.006779867, 0.006243784], [0.010491906, 0.010141842, 0.009091651, 0.009091651, 0.00891662, 0.008741587, 0.008391524, 0.007866429, 0.007866429, 0.007166302], [0.02284505, 0.019247497, 0.016496425, 0.012475628, 0.008666456, 0.008666455, 0.008454834, 0.007819971, 0.007819971, 0.0073967287], [0.020527681, 0.009819643, 0.008556012, 0.008373829, 0.00782706, 0.007827056, 0.007823068, 0.0070980205, 0.006915776, 0.006915704], [0.033417158, 0.01592643, 0.012526657, 0.011057665, 0.009551856, 0.007851969, 0.007652175, 0.007639483, 0.00679798, 0.0065913345], [0.017730605, 0.01149742, 0.011257683, 0.009100041, 0.0083808275, 0.007421875, 0.0069423993, 0.0062231855, 0.0059834477, 0.0059834477], [0.018920768, 0.00964344, 0.008389746, 0.0073867897, 0.007261421, 0.0070106825, 0.006383836, 0.005882358, 0.005882358, 0.005882358], [0.012478786, 0.011575982, 0.00886757, 0.008416168, 0.008115234, 0.007663832, 0.0076638316, 0.0075133643, 0.0073628975, 0.006460094], [0.017098822, 0.016111773, 0.015782759, 0.014466695, 0.014137679, 0.013808665, 0.013479647, 0.012821616, 0.0124926, 0.011176537]]"
25,10,0.31,0.9099999999999999,35661.75,0.42159636178294424,,"[['algorithm', 'entropy', 'space', 'sn', 'mse', 'normalized', 'data', 'sample', 'estimator', 'gate'], ['model', 'cache', 'network', 'language', 'neural', 'static', 'linear', 'recurrent', 'using', 'data'], ['model', 'parameter', 'network', 'distribution', 'entropy', 'dg', 'dimension', 'image', 'function', 'le'], ['function', 'relaxation', 'xi', 'tree', 'harmony', 'bisubmodular', 'network', 'set', 'rule', 'let'], ['neuron', 'rate', 'model', 'gradient', 'input', 'function', 'impulse', 'circuit', 'neural', 'noise'], ['ft', 'function', 'algorithm', 'xt', 'convex', 'regret', 'rf', 'loss', 'point', 'bco'], ['state', 'data', 'variable', 'missing', 'transition', 'model', 'hidden', 'ry', 'rx', 'sequence'], ['learning', 'algorithm', 'basis', 'vector', 'chip', 'problem', 'weight', 'network', 'activation', 'model'], ['artifact', 'data', 'independent', 'xi', 'missing', 'component', 'signal', 'problem', 'case', 'formulation'], ['feature', 'function', 'method', 'one', 'set', 'linear', 'value', 'process', 'variable', 'variance']]","[[0.008479752, 0.007932026, 0.0071104364, 0.0071104364, 0.006973504, 0.0068365727, 0.0066996417, 0.0065627103, 0.006151916, 0.0060149846], [0.04351614, 0.014121865, 0.012991316, 0.011107068, 0.010353367, 0.008469119, 0.007715419, 0.007715419, 0.007526994, 0.0071501452], [0.023398595, 0.018418042, 0.013437492, 0.011694299, 0.01044916, 0.008207912, 0.0077098557, 0.006962773, 0.0067137443, 0.0067137443], [0.030350648, 0.011779608, 0.009100152, 0.008921521, 0.008742891, 0.008742891, 0.007313848, 0.0069509684, 0.006599311, 0.0065948134], [0.020992965, 0.011446163, 0.0112340115, 0.011021861, 0.009536803, 0.009324651, 0.008900349, 0.007839593, 0.006990988, 0.0063545345], [0.014941161, 0.014054993, 0.012874731, 0.01135288, 0.0107672, 0.009857764, 0.00955874, 0.008686209, 0.0077681667, 0.0068675303], [0.021421265, 0.017347781, 0.012714696, 0.012705585, 0.010303249, 0.01028854, 0.008870724, 0.008265221, 0.007472098, 0.0068523767], [0.012249648, 0.010717192, 0.010060425, 0.008527968, 0.008309047, 0.008090124, 0.008090124, 0.0076522795, 0.0076522795, 0.0067765904], [0.011842794, 0.009971299, 0.009971299, 0.009971299, 0.009347469, 0.009347468, 0.009347468, 0.009035552, 0.008099806, 0.0077878893], [0.0148101235, 0.007886591, 0.0073452545, 0.0072375247, 0.007020543, 0.005723323, 0.005721387, 0.00550655, 0.0053939177, 0.0051824534]]"
25,10,0.31,5.0,35411.1796875,0.42776185395719074,,"[['algorithm', 'space', 'gradient', 'sn', 'network', 'tree', 'harmony', 'ksu', 'function', 'model'], ['variance', 'gate', 'synapse', 'weight', 'current', 'tunneling', 'floating', 'voltage', 'electron', 'value'], ['function', 'data', 'variable', 'relaxation', 'missing', 'xi', 'bisubmodular', 'ry', 'set', 'rx'], ['model', 'cache', 'network', 'language', 'neural', 'static', 'linear', 'recurrent', 'using', 'data'], ['state', 'process', 'model', 'data', 'entropy', 'transition', 'estimator', 'mse', 'normalized', 'distribution'], ['model', 'distribution', 'basis', 'algorithm', 'vector', 'entropy', 'dg', 'dimension', 'learning', 'fm'], ['ft', 'algorithm', 'xt', 'convex', 'function', 'regret', 'loss', 'gradient', 'bco', 'bound'], ['feature', 'neuron', 'eq', 'one', 'rate', 'function', 'method', 'input', 'information', 'score'], ['function', 'parameter', 'network', 'linear', 'state', 'policy', 'value', 'optimal', 'approximation', 'le'], ['function', 'learning', 'set', 'prediction', 'problem', 'constraint', 'xi', 'algorithm', 'probability', 'chip']]","[[0.0073189926, 0.007183271, 0.007047548, 0.007047548, 0.006911826, 0.0066403816, 0.0066403816, 0.0055546053, 0.0054188827, 0.0048759943], [0.013590786, 0.013288029, 0.013279601, 0.013125762, 0.012552069, 0.011521097, 0.011512951, 0.01066718, 0.0097470805, 0.009304799], [0.021413583, 0.015517185, 0.014534452, 0.012962079, 0.012372438, 0.011389704, 0.009620786, 0.008048412, 0.007851865, 0.0072622257], [0.04351614, 0.014121865, 0.012991316, 0.011107068, 0.010353367, 0.008469119, 0.007715419, 0.007715419, 0.007526994, 0.0071501452], [0.014663001, 0.008793799, 0.008654057, 0.008234828, 0.008095086, 0.007116885, 0.007116885, 0.007116885, 0.0069771423, 0.006418171], [0.02247963, 0.008725642, 0.008539778, 0.008353913, 0.0077963187, 0.0077963187, 0.0061235353, 0.0059376713, 0.005937671, 0.0055659413], [0.026105218, 0.022449087, 0.019837564, 0.018792955, 0.017748347, 0.017226042, 0.015136826, 0.012003, 0.012003, 0.011480696], [0.017694943, 0.012691183, 0.007687805, 0.0072972546, 0.0071702115, 0.0071312636, 0.007045335, 0.006001036, 0.0058916523, 0.005506763], [0.017811244, 0.015862046, 0.0150266765, 0.012799021, 0.0114067355, 0.011128278, 0.010292908, 0.008900623, 0.008343709, 0.006951424], [0.009523043, 0.009141721, 0.0089510605, 0.008379078, 0.007997756, 0.007997756, 0.007616434, 0.007235112, 0.007235112, 0.007235112]]"
25,10,0.31,10.0,35621.51171875,0.4824075565212409,,"[['neuron', 'weight', 'input', 'current', 'learning', 'rate', 'function', 'neural', 'activation', 'synapse'], ['function', 'relaxation', 'gradient', 'xi', 'bisubmodular', 'submodular', 'model', 'rf', 'ui', 'roof'], ['algorithm', 'network', 'function', 'vector', 'ft', 'convex', 'harmony', 'gradient', 'tree', 'basis'], ['state', 'parameter', 'transition', 'network', 'hidden', 'number', 'model', 'sequence', 'emission', 'le'], ['estimator', 'variance', 'data', 'entropy', 'mse', 'normalized', 'estimate', 'set', 'mean', 'using'], ['data', 'missing', 'variable', 'set', 'function', 'theorem', 'ry', 'rx', 'probability', 'prediction'], ['function', 'linear', 'policy', 'state', 'value', 'constraint', 'approximate', 'approximation', 'factored', 'method'], ['model', 'distribution', 'cache', 'network', 'neural', 'data', 'language', 'entropy', 'using', 'linear'], ['feature', 'score', 'method', 'one', 'eq', 'selection', 'mi', 'information', 'ji', 'binary'], ['space', 'algorithm', 'sn', 'process', 'distribution', 'ksu', 'gaussian', 'compression', 'region', 'metric']]","[[0.014046983, 0.010406388, 0.009653432, 0.008861187, 0.008650854, 0.008084433, 0.0069901617, 0.006883928, 0.0067370986, 0.0064872056], [0.024446754, 0.0131158475, 0.010331578, 0.009933825, 0.009734949, 0.0067518037, 0.0065366165, 0.006353979, 0.0061551747, 0.0061551747], [0.013570395, 0.00973593, 0.009576161, 0.009576161, 0.008777315, 0.008457776, 0.007818698, 0.007658928, 0.007658928, 0.0073393905], [0.028182678, 0.02020362, 0.013554402, 0.012756497, 0.01195859, 0.011160684, 0.01009681, 0.008766965, 0.007437122, 0.006373247], [0.012533999, 0.012194971, 0.011008377, 0.009821783, 0.0086351875, 0.008465675, 0.00829616, 0.00829616, 0.0074485927, 0.0067705386], [0.019108556, 0.01337299, 0.01337299, 0.00954928, 0.0091244215, 0.008911993, 0.008699565, 0.007849851, 0.007637422, 0.0072125653], [0.023460887, 0.022961507, 0.019965224, 0.019465843, 0.017967701, 0.011975135, 0.010976372, 0.010976372, 0.010976372, 0.009977613], [0.041905846, 0.010013354, 0.0097530065, 0.009753006, 0.008190924, 0.0076702316, 0.0076702316, 0.006628844, 0.006238324, 0.0059779766], [0.044502445, 0.013961058, 0.013311242, 0.012986334, 0.011361792, 0.011361792, 0.010387068, 0.009087433, 0.009087433, 0.008437617], [0.012187061, 0.009953797, 0.008923058, 0.008064111, 0.007892321, 0.007033373, 0.0068615824, 0.006174425, 0.006002635, 0.006002635]]"
25,10,0.61,0.01,-78958.5859375,0.3218930573106058,,"[['model', 'function', 'estimate', 'training', 'order', 'relaxation', 'classification', 'form', 'consider', 'xt'], ['distribution', 'problem', 'neural', 'figure', 'neuron', 'analysis', 'theorem', 'see', 'example', 'shown'], ['data', 'learning', 'parameter', 'error', 'process', 'probability', 'rule', 'current', 'hidden', 'natural'], ['linear', 'use', 'sample', 'approach', 'variable', 'activation', 'dimension', 'cache', 'large', 'small'], ['information', 'eq', 'since', 'point', 'gradient', 'ie', 'paper', 'basis', 'language', 'constraint'], ['algorithm', 'let', 'term', 'output', 'sn', 'ft', 'xj', 'theory', 'static', 'finite'], ['one', 'state', 'xi', 'weight', 'missing', 'first', 'space', 'size', 'random', 'optimal'], ['set', 'feature', 'vector', 'show', 'entropy', 'system', 'variance', 'estimator', 'rate', 'equation'], ['using', 'method', 'result', 'variable', 'binary', 'approximation', 'loss', 'given', 'fig', 'estimation'], ['network', 'used', 'case', 'input', 'number', 'two', 'value', 'time', 'matrix', 'prediction']]","[[0.11188756, 0.08342904, 0.023084266, 0.022127163, 0.019889273, 0.013868552, 0.01336576, 0.013105984, 0.012883033, 0.012589704], [0.03957949, 0.036943614, 0.036386557, 0.031222306, 0.025495753, 0.0201138, 0.019114953, 0.0177102, 0.014974089, 0.014828051], [0.057606928, 0.04687423, 0.032311644, 0.023197224, 0.022381932, 0.022341808, 0.020156149, 0.017325679, 0.016918296, 0.012250364], [0.029709034, 0.023191687, 0.021079287, 0.020483557, 0.01896491, 0.01607812, 0.015501516, 0.015133498, 0.014509989, 0.0131188305], [0.027654689, 0.024673546, 0.023190767, 0.0210647, 0.019114502, 0.01898693, 0.016326085, 0.016240511, 0.01617304, 0.015710687], [0.06555775, 0.028378125, 0.023528462, 0.020875935, 0.015395613, 0.01415543, 0.011927841, 0.011769081, 0.01161206, 0.0105145015], [0.04170643, 0.04108044, 0.030876325, 0.026685841, 0.024482312, 0.024156738, 0.022671485, 0.018115945, 0.015917098, 0.01459567], [0.052921236, 0.029420966, 0.026611611, 0.025057679, 0.020254778, 0.020016704, 0.017517872, 0.017153105, 0.0163892, 0.015002903], [0.043296427, 0.033969972, 0.030137893, 0.019430622, 0.017386897, 0.017386848, 0.013673049, 0.012833546, 0.011856739, 0.011614301], [0.048194706, 0.025016105, 0.023428189, 0.023266077, 0.022665322, 0.021512425, 0.02043391, 0.01996796, 0.018745532, 0.01838196]]"
25,10,0.61,0.31,35157.0390625,0.44141140047400657,,"[['data', 'missing', 'variable', 'set', 'case', 'algorithm', 'ft', 'rx', 'problem', 'convex'], ['model', 'cache', 'distribution', 'language', 'process', 'static', 'gaussian', 'news', 'unbounded', 'region'], ['model', 'network', 'parameter', 'neural', 'distribution', 'linear', 'entropy', 'error', 'measurement', 'data'], ['state', 'transition', 'hidden', 'model', 'learning', 'weight', 'probability', 'chip', 'neural', 'sequence'], ['input', 'current', 'rate', 'gate', 'weight', 'synapse', 'tunneling', 'floating', 'neuron', 'voltage'], ['feature', 'method', 'algorithm', 'basis', 'selection', 'one', 'score', 'vector', 'interaction', 'eq'], ['estimator', 'variance', 'data', 'entropy', 'mse', 'set', 'normalized', 'algorithm', 'function', 'estimate'], ['function', 'relaxation', 'xi', 'tree', 'harmony', 'bisubmodular', 'network', 'submodular', 'energy', 'ui'], ['neuron', 'gradient', 'artifact', 'impulse', 'signal', 'circuit', 'neural', 'model', 'independent', 'component'], ['space', 'function', 'algorithm', 'sn', 'linear', 'ksu', 'policy', 'state', 'value', 'compression']]","[[0.014999873, 0.014535409, 0.012037193, 0.009667503, 0.008259378, 0.0081306305, 0.007820143, 0.0075069373, 0.0074871285, 0.006880487], [0.02674656, 0.012599823, 0.010248081, 0.009909726, 0.008350018, 0.007555892, 0.0067369053, 0.0062108445, 0.0060427133, 0.0059842304], [0.031430196, 0.0153962495, 0.014146056, 0.009842935, 0.008024924, 0.007691167, 0.007078746, 0.0069042603, 0.0067404523, 0.0063995174], [0.022225676, 0.010237759, 0.00985105, 0.009657638, 0.008301954, 0.0079139015, 0.0073374347, 0.007337338, 0.006563689, 0.0063706795], [0.01814418, 0.01571538, 0.014806482, 0.013722748, 0.013575181, 0.013260385, 0.011820796, 0.011801257, 0.011697234, 0.011106093], [0.025057156, 0.009452437, 0.008124375, 0.00779236, 0.00779236, 0.007626352, 0.007460344, 0.0067963144, 0.006132283, 0.0058002677], [0.012544417, 0.011719414, 0.009901317, 0.009737547, 0.008415845, 0.008407766, 0.008250632, 0.008082845, 0.0074241725, 0.0065940116], [0.034219053, 0.017778328, 0.013466004, 0.013196486, 0.013196486, 0.013196486, 0.011040325, 0.009153685, 0.0086146435, 0.008345124], [0.015016254, 0.011785981, 0.00926705, 0.009266936, 0.008363602, 0.008353718, 0.00794492, 0.0077420147, 0.0071686637, 0.007058225], [0.010861301, 0.01047985, 0.010289126, 0.009907678, 0.00876333, 0.007809707, 0.0076189823, 0.0074282573, 0.007046808, 0.006856084]]"
25,10,0.61,0.61,35654.98828125,0.4375065223851508,,"[['model', 'neuron', 'distribution', 'entropy', 'impulse', 'circuit', 'function', 'natural', 'dimension', 'dg'], ['entropy', 'data', 'estimator', 'mse', 'normalized', 'process', 'distribution', 'gaussian', 'corr', 'stream'], ['sn', 'algorithm', 'space', 'ksu', 'compression', 'metric', 'nn', 'bayesconsistent', 'probability', 'rf'], ['weight', 'learning', 'current', 'gate', 'synapse', 'chip', 'tunneling', 'artifact', 'source', 'floating'], ['model', 'function', 'algorithm', 'cache', 'set', 'language', 'loss', 'distribution', 'ft', 'learning'], ['feature', 'parameter', 'network', 'method', 'one', 'score', 'information', 'set', 'eq', 'selection'], ['data', 'missing', 'variable', 'case', 'set', 'problem', 'ry', 'xi', 'rx', 'value'], ['state', 'function', 'model', 'transition', 'linear', 'value', 'rate', 'hidden', 'input', 'policy'], ['model', 'gradient', 'network', 'linear', 'neural', 'basis', 'algorithm', 'vector', 'measurement', 'using'], ['function', 'relaxation', 'xi', 'bisubmodular', 'tree', 'harmony', 'variance', 'set', 'network', 'submodular']]","[[0.025412394, 0.016461665, 0.011209832, 0.010016231, 0.010016231, 0.009061351, 0.008597308, 0.008583912, 0.008257875, 0.007867753], [0.011511081, 0.010120605, 0.010120605, 0.010120605, 0.009921965, 0.009127408, 0.007935573, 0.007538294, 0.007538294, 0.0071410155], [0.011082212, 0.011081576, 0.010864858, 0.008731743, 0.0076656765, 0.0074524633, 0.0074524633, 0.00723925, 0.0070260367, 0.006812823], [0.015650785, 0.010072972, 0.010072972, 0.0096439095, 0.009000314, 0.008356721, 0.008356721, 0.00814219, 0.00814219, 0.00814219], [0.019832848, 0.011448197, 0.010747383, 0.01047087, 0.008932937, 0.008234952, 0.007256733, 0.0069772424, 0.0069772406, 0.006837043], [0.029393576, 0.012652854, 0.0105066085, 0.009862734, 0.009433485, 0.00921886, 0.008360362, 0.007931112, 0.007501863, 0.007501863], [0.020885283, 0.020445386, 0.016486276, 0.009667816, 0.009447865, 0.009007965, 0.009007964, 0.008788015, 0.008128163, 0.0074683116], [0.025107471, 0.01142278, 0.011249558, 0.010210213, 0.007958302, 0.007958302, 0.0077850777, 0.0076118535, 0.006918958, 0.006918958], [0.022591004, 0.01209713, 0.009353285, 0.008868597, 0.008061797, 0.0074156905, 0.0069314456, 0.006770268, 0.005962838, 0.0056401873], [0.023947574, 0.012252699, 0.010580514, 0.0090941265, 0.009094037, 0.009094036, 0.008536731, 0.008350195, 0.007544055, 0.00630715]]"
25,10,0.61,0.9099999999999999,34330.5859375,0.3738045593625974,,"[['feature', 'method', 'function', 'one', 'linear', 'score', 'value', 'state', 'policy', 'variable'], ['gradient', 'ft', 'algorithm', 'gate', 'function', 'synapse', 'current', 'weight', 'tunneling', 'floating'], ['data', 'variable', 'missing', 'estimator', 'entropy', 'mse', 'normalized', 'ry', 'sample', 'corr'], ['function', 'learning', 'chip', 'algorithm', 'probability', 'prediction', 'weight', 'mixture', 'log', 'set'], ['model', 'neuron', 'network', 'neural', 'impulse', 'linear', 'measurement', 'circuit', 'function', 'error'], ['function', 'relaxation', 'xi', 'bisubmodular', 'artifact', 'submodular', 'component', 'independent', 'ui', 'roof'], ['model', 'network', 'cache', 'language', 'set', 'harmony', 'tree', 'training', 'static', 'vector'], ['model', 'distribution', 'basis', 'algorithm', 'vector', 'entropy', 'dg', 'dimension', 'learning', 'fm'], ['state', 'process', 'model', 'distribution', 'transition', 'hidden', 'gaussian', 'parameter', 'number', 'problem'], ['parameter', 'algorithm', 'sn', 'space', 'rate', 'network', 'input', 'ksu', 'function', 'optimal']]","[[0.027111156, 0.012065844, 0.011669913, 0.009888232, 0.009492302, 0.00850248, 0.008106551, 0.0079085855, 0.0079085855, 0.007314692], [0.015294203, 0.010330677, 0.00929661, 0.009089796, 0.008882983, 0.008676169, 0.0086761685, 0.0086761685, 0.008055728, 0.007848916], [0.022481374, 0.011828338, 0.01149151, 0.0107914535, 0.010578691, 0.009300745, 0.009118181, 0.007475107, 0.007460346, 0.006927415], [0.013315213, 0.012255804, 0.01074825, 0.009767852, 0.009624105, 0.009428867, 0.0090495795, 0.008264808, 0.008200243, 0.008023988], [0.030938055, 0.018172245, 0.01641734, 0.01581102, 0.011578561, 0.010788432, 0.009994519, 0.009734926, 0.00880699, 0.008418043], [0.029335422, 0.017597256, 0.013328828, 0.013062052, 0.01012751, 0.009060403, 0.008526851, 0.0085268505, 0.008260074, 0.008260074], [0.021100393, 0.010881368, 0.009831599, 0.008256944, 0.006485619, 0.006419847, 0.0062886253, 0.0060021393, 0.005894962, 0.0057263956], [0.02247963, 0.008725642, 0.008539778, 0.008353913, 0.0077963187, 0.0077963187, 0.0061235363, 0.0059376713, 0.005937671, 0.0055659413], [0.016411467, 0.010214688, 0.008975332, 0.008045814, 0.007890895, 0.006806458, 0.0068064574, 0.00618678, 0.0060318606, 0.0057220217], [0.010039247, 0.008477635, 0.008163278, 0.0081622405, 0.008006957, 0.007947614, 0.006670664, 0.006434316, 0.006359374, 0.0057881153]]"
25,10,0.61,5.0,34986.08203125,0.46861850314797165,,"[['function', 'relaxation', 'neuron', 'xi', 'bisubmodular', 'process', 'impulse', 'gaussian', 'region', 'circuit'], ['network', 'parameter', 'harmony', 'tree', 'variance', 'set', 'training', 'function', 'error', 'estimate'], ['feature', 'gradient', 'one', 'score', 'method', 'set', 'eq', 'selection', 'mi', 'interaction'], ['algorithm', 'function', 'bound', 'sn', 'set', 'space', 'let', 'theorem', 'loss', 'probability'], ['model', 'cache', 'language', 'static', 'component', 'data', 'artifact', 'news', 'unbounded', 'network'], ['state', 'model', 'hidden', 'transition', 'basis', 'number', 'algorithm', 'matrix', 'vector', 'learning'], ['data', 'variable', 'missing', 'value', 'linear', 'problem', 'set', 'function', 'constraint', 'xi'], ['model', 'neural', 'network', 'distribution', 'linear', 'learning', 'entropy', 'measurement', 'chip', 'data'], ['current', 'weight', 'synapse', 'gate', 'voltage', 'tunneling', 'floating', 'electron', 'synapsis', 'source'], ['entropy', 'data', 'mse', 'normalized', 'input', 'neuron', 'rate', 'estimator', 'model', 'using']]","[[0.022693785, 0.010368295, 0.0094380975, 0.008509072, 0.0075800954, 0.007406462, 0.0064949966, 0.0058752517, 0.005562702, 0.005530971], [0.018708145, 0.012539667, 0.010412604, 0.010199897, 0.009774485, 0.008923661, 0.008285541, 0.00786013, 0.0072220103, 0.0067965984], [0.031224228, 0.011845328, 0.011389356, 0.0097934455, 0.009337472, 0.008197536, 0.007969548, 0.007969548, 0.007285587, 0.0070575997], [0.017027132, 0.012057968, 0.009218447, 0.008934494, 0.008792518, 0.008366589, 0.0073727565, 0.007372756, 0.00723078, 0.0070888046], [0.02919255, 0.01552327, 0.012209506, 0.009309961, 0.00827441, 0.00827441, 0.00786019, 0.0076530795, 0.007445969, 0.007238859], [0.02028236, 0.012684969, 0.012468127, 0.009933504, 0.009348592, 0.00877756, 0.008380384, 0.0080086235, 0.0079984935, 0.0068239747], [0.014588071, 0.014434407, 0.014280743, 0.010746473, 0.008595178, 0.008134187, 0.007980523, 0.007673195, 0.00751953, 0.007365866], [0.03117543, 0.010322548, 0.009642988, 0.007955927, 0.007616951, 0.007172971, 0.007108488, 0.006769513, 0.006419269, 0.0060898173], [0.030218808, 0.029131386, 0.028258909, 0.025716456, 0.024935557, 0.021816999, 0.021813808, 0.018459007, 0.016727177, 0.0156407], [0.010672864, 0.009224339, 0.009224338, 0.009043274, 0.0090432735, 0.008500078, 0.008500078, 0.008137947, 0.007413684, 0.007051553]]"
25,10,0.61,10.0,35698.90625,0.4241772319882207,,"[['function', 'rate', 'ft', 'input', 'algorithm', 'xt', 'neuron', 'convex', 'regret', 'noise'], ['weight', 'harmony', 'tree', 'variance', 'gate', 'network', 'synapse', 'current', 'tunneling', 'floating'], ['model', 'data', 'cache', 'missing', 'language', 'variable', 'set', 'static', 'ry', 'distribution'], ['function', 'state', 'relaxation', 'transition', 'xi', 'linear', 'bisubmodular', 'model', 'variable', 'hidden'], ['model', 'data', 'entropy', 'network', 'mse', 'gradient', 'normalized', 'linear', 'measurement', 'estimator'], ['feature', 'one', 'score', 'method', 'eq', 'selection', 'mi', 'rf', 'information', 'ji'], ['neuron', 'activation', 'process', 'neural', 'circuit', 'learning', 'chip', 'function', 'impulse', 'network'], ['network', 'parameter', 'basis', 'algorithm', 'vector', 'learning', 'model', 'number', 'fm', 'training'], ['model', 'distribution', 'data', 'entropy', 'independent', 'artifact', 'case', 'problem', 'dg', 'xi'], ['algorithm', 'space', 'sn', 'function', 'probability', 'theorem', 'set', 'bound', 'ksu', 'nn']]","[[0.014346368, 0.014340043, 0.014058668, 0.012099064, 0.012094302, 0.011807681, 0.010682186, 0.010140793, 0.009275319, 0.008439956], [0.010988316, 0.010353798, 0.010142292, 0.00971928, 0.009296268, 0.009084761, 0.008873256, 0.008661749, 0.0082387375, 0.00802723], [0.025147067, 0.016707273, 0.012162774, 0.010215131, 0.009565916, 0.009241308, 0.0077805747, 0.007293664, 0.0066444497, 0.0063198423], [0.024608098, 0.022426747, 0.010273511, 0.009182835, 0.009027025, 0.009027024, 0.0076247263, 0.007157294, 0.007157294, 0.0068456726], [0.020534266, 0.010525522, 0.010174338, 0.010174337, 0.008945194, 0.008945193, 0.008769602, 0.008594009, 0.007891641, 0.007891641], [0.030789884, 0.00999927, 0.009552317, 0.009109792, 0.0077743237, 0.007773281, 0.0071061426, 0.0071061417, 0.006440017, 0.006216624], [0.01252553, 0.009137549, 0.008290554, 0.0074435584, 0.007274159, 0.0072741583, 0.0072741583, 0.00710476, 0.00710476, 0.006596563], [0.015099907, 0.014661939, 0.010282256, 0.009187334, 0.009187334, 0.007435461, 0.007216477, 0.0067785084, 0.006559524, 0.00634054], [0.01714853, 0.0116075585, 0.009462444, 0.007496975, 0.0074967803, 0.0067820176, 0.0066002505, 0.006065069, 0.005888338, 0.005709585], [0.0148868235, 0.011210984, 0.010824054, 0.009856727, 0.0096632615, 0.009082866, 0.008309005, 0.008309005, 0.007922075, 0.007728608]]"
25,10,0.9099999999999999,0.01,-79724.703125,0.3047013801902508,,"[['figure', 'linear', 'neuron', 'size', 'term', 'equation', 'based', 'log', 'paper', 'relaxation'], ['function', 'network', 'distribution', 'use', 'analysis', 'since', 'constraint', 'two', 'activation', 'approach'], ['using', 'one', 'value', 'given', 'input', 'following', 'time', 'rate', 'estimate', 'work'], ['parameter', 'used', 'process', 'space', 'approximation', 'theorem', 'binary', 'convex', 'cache', 'language'], ['problem', 'variable', 'number', 'gradient', 'point', 'mean', 'test', 'different', 'solution', 'yi'], ['show', 'error', 'first', 'rule', 'estimator', 'optimal', 'independent', 'large', 'also', 'property'], ['learning', 'neural', 'method', 'case', 'matrix', 'variance', 'however', 'form', 'gaussian', 'consider'], ['data', 'state', 'feature', 'probability', 'let', 'system', 'information', 'training', 'ie', 'shown'], ['set', 'result', 'xi', 'entropy', 'missing', 'sample', 'prediction', 'order', 'see', 'hidden'], ['model', 'algorithm', 'vector', 'weight', 'example', 'random', 'et', 'defined', 'output', 'condition']]","[[0.0324199, 0.029849865, 0.026484486, 0.020888971, 0.02008006, 0.016698092, 0.016364276, 0.01624867, 0.013859532, 0.013728323], [0.07935195, 0.054246273, 0.03931746, 0.022956211, 0.019897424, 0.01826765, 0.016075859, 0.01601712, 0.01601049, 0.014770529], [0.03870652, 0.03464679, 0.030986559, 0.025648512, 0.024559937, 0.022343667, 0.021059338, 0.02067904, 0.02049702, 0.017560566], [0.034408744, 0.03093808, 0.023836438, 0.021868616, 0.019951135, 0.019129267, 0.018217726, 0.016725173, 0.016517587, 0.014146937], [0.041201573, 0.036741093, 0.032914802, 0.026025118, 0.020698855, 0.019581538, 0.015599333, 0.015148912, 0.01382462, 0.011520642], [0.028726045, 0.023927977, 0.022711376, 0.020799384, 0.019348418, 0.018899193, 0.018457772, 0.014823361, 0.013748588, 0.013037102], [0.04799985, 0.04059515, 0.036594495, 0.03260294, 0.0237777, 0.021146823, 0.017800469, 0.016242128, 0.015575882, 0.014935751], [0.05510828, 0.0359621, 0.030548308, 0.02698677, 0.022755105, 0.022175694, 0.021601751, 0.020626383, 0.020433344, 0.016943937], [0.058867827, 0.030500319, 0.029059164, 0.02407334, 0.02303418, 0.022974333, 0.021479357, 0.02045368, 0.019063551, 0.017364075], [0.106250145, 0.04371096, 0.028277913, 0.023752457, 0.017284343, 0.015639262, 0.01546789, 0.0146675985, 0.012296102, 0.01212916]]"
25,10,0.9099999999999999,0.31,34506.58984375,0.4253633992999547,,"[['model', 'data', 'missing', 'variable', 'distribution', 'entropy', 'ry', 'rx', 'sample', 'dg'], ['weight', 'gate', 'synapse', 'current', 'tunneling', 'artifact', 'source', 'floating', 'signal', 'independent'], ['model', 'function', 'algorithm', 'cache', 'set', 'language', 'loss', 'ft', 'distribution', 'learning'], ['algorithm', 'space', 'gradient', 'sn', 'ksu', 'set', 'learning', 'compression', 'chip', 'metric'], ['function', 'relaxation', 'xi', 'bisubmodular', 'tree', 'harmony', 'rate', 'network', 'input', 'neuron'], ['feature', 'method', 'one', 'process', 'eq', 'score', 'distribution', 'gaussian', 'region', 'selection'], ['linear', 'value', 'basis', 'function', 'problem', 'constraint', 'xi', 'vector', 'algorithm', 'model'], ['network', 'neuron', 'parameter', 'neural', 'function', 'circuit', 'impulse', 'activation', 'le', 'cun'], ['estimator', 'variance', 'entropy', 'mse', 'normalized', 'data', 'estimate', 'corr', 'stream', 'sample'], ['model', 'state', 'transition', 'hidden', 'linear', 'measurement', 'network', 'neural', 'time', 'sequence']]","[[0.020504056, 0.019083712, 0.012373708, 0.012115236, 0.010825916, 0.008036856, 0.007845263, 0.0070788953, 0.0064720814, 0.0063125286], [0.011553884, 0.009774825, 0.00933006, 0.009107678, 0.008662912, 0.008440531, 0.008440531, 0.008440531, 0.007995767, 0.007551001], [0.019819811, 0.011441018, 0.010742785, 0.010463493, 0.008927381, 0.008229148, 0.0072516208, 0.0069723283, 0.006972328, 0.0068326816], [0.010309002, 0.009025441, 0.0090189995, 0.008855041, 0.006979745, 0.0068567726, 0.0066790516, 0.006127338, 0.0059866915, 0.005956857], [0.026980113, 0.01236047, 0.00936157, 0.009174138, 0.009174137, 0.009174137, 0.0084244115, 0.00823698, 0.0076746857, 0.0071123913], [0.02409144, 0.008383827, 0.0081846, 0.00812778, 0.007906524, 0.0075546787, 0.00702691, 0.0066750627, 0.0061472943, 0.0061472943], [0.009889752, 0.0092831515, 0.008690763, 0.008690002, 0.008677334, 0.0074875536, 0.0074830726, 0.0071898936, 0.006889326, 0.0064298143], [0.02429391, 0.020663649, 0.016059998, 0.012779011, 0.012623274, 0.012001353, 0.0117282765, 0.011582515, 0.007950391, 0.006697208], [0.017487546, 0.01676847, 0.013892161, 0.012214314, 0.011974622, 0.011495237, 0.009577698, 0.009098313, 0.008618928, 0.0076601575], [0.031011624, 0.027591921, 0.012691769, 0.0109819155, 0.009760591, 0.009027797, 0.009027797, 0.009027797, 0.008539268, 0.008050738]]"
25,10,0.9099999999999999,0.61,35615.6796875,0.4554847668152445,,"[['weight', 'model', 'basis', 'learning', 'gate', 'current', 'algorithm', 'synapse', 'vector', 'tunneling'], ['neuron', 'activation', 'circuit', 'chip', 'neural', 'impulse', 'weight', 'network', 'learning', 'function'], ['model', 'variance', 'gradient', 'error', 'measurement', 'set', 'linear', 'process', 'prediction', 'estimate'], ['algorithm', 'sn', 'space', 'ksu', 'compression', 'nn', 'metric', 'bayesconsistent', 'theorem', 'net'], ['model', 'network', 'cache', 'data', 'entropy', 'parameter', 'using', 'language', 'mse', 'normalized'], ['model', 'distribution', 'function', 'entropy', 'log', 'prediction', 'probability', 'data', 'dg', 'dimension'], ['state', 'transition', 'tree', 'harmony', 'hidden', 'matrix', 'network', 'model', 'artifact', 'independent'], ['feature', 'eq', 'one', 'rate', 'score', 'information', 'method', 'input', 'neuron', 'selection'], ['data', 'missing', 'variable', 'case', 'set', 'ry', 'problem', 'xi', 'rx', 'value'], ['function', 'relaxation', 'linear', 'xi', 'algorithm', 'ft', 'bisubmodular', 'convex', 'set', 'value']]","[[0.00965485, 0.008488402, 0.007655225, 0.007655225, 0.0073219547, 0.0071553187, 0.006988684, 0.006988684, 0.006488778, 0.006488778], [0.02199523, 0.016047398, 0.012776447, 0.012776447, 0.012479252, 0.012479087, 0.011587367, 0.01158727, 0.011289866, 0.0089109335], [0.017935822, 0.008293265, 0.0077575943, 0.007615084, 0.007087974, 0.006942728, 0.0066861985, 0.0066861827, 0.0062843254, 0.006013158], [0.015923178, 0.015848204, 0.015547952, 0.012493586, 0.010968759, 0.010901526, 0.0106637925, 0.010358827, 0.009207593, 0.007919102], [0.02012723, 0.013640069, 0.010126189, 0.009720743, 0.009044996, 0.008504399, 0.007963803, 0.007963803, 0.0074232053, 0.0068826084], [0.021696154, 0.015461407, 0.012228578, 0.0099194115, 0.007841162, 0.007841162, 0.007841162, 0.0076102456, 0.0076102456, 0.007148413], [0.021559896, 0.010175785, 0.009776342, 0.009776342, 0.008777736, 0.008578015, 0.008578015, 0.008178571, 0.0075794077, 0.006780523], [0.029095259, 0.012311929, 0.009975013, 0.009974917, 0.009125228, 0.009125224, 0.008700334, 0.008700226, 0.008062515, 0.00742565], [0.020923989, 0.020483527, 0.016508833, 0.009678851, 0.009450525, 0.009024791, 0.009011232, 0.008768558, 0.008143348, 0.0074603227], [0.031212356, 0.010677548, 0.010390224, 0.009408447, 0.008910018, 0.008086626, 0.007924695, 0.00746515, 0.0071260454, 0.00680729]]"
25,10,0.9099999999999999,0.9099999999999999,34178.70703125,0.5039970188063367,,"[['estimator', 'variance', 'data', 'entropy', 'mse', 'normalized', 'estimate', 'set', 'mean', 'using'], ['function', 'relaxation', 'xi', 'bisubmodular', 'submodular', 'ui', 'roof', 'duality', 'xn', 'pseudoboolean'], ['neuron', 'current', 'input', 'network', 'weight', 'rate', 'function', 'synapse', 'harmony', 'tree'], ['data', 'missing', 'variable', 'process', 'model', 'distribution', 'ry', 'artifact', 'impulse', 'gaussian'], ['algorithm', 'space', 'sn', 'function', 'probability', 'theorem', 'set', 'bound', 'ksu', 'nn'], ['model', 'distribution', 'entropy', 'dg', 'dimension', 'image', 'correlation', 'sample', 'ising', 'data'], ['gradient', 'ft', 'function', 'algorithm', 'xt', 'convex', 'point', 'regret', 'model', 'rf'], ['model', 'linear', 'cache', 'network', 'language', 'function', 'neural', 'value', 'state', 'time'], ['state', 'parameter', 'network', 'hidden', 'transition', 'learning', 'number', 'model', 'chip', 'weight'], ['feature', 'method', 'algorithm', 'selection', 'basis', 'one', 'score', 'vector', 'interaction', 'eq']]","[[0.012533997, 0.01219497, 0.011008375, 0.009821781, 0.0086351875, 0.008465674, 0.00829616, 0.00829616, 0.007448592, 0.006770538], [0.047225382, 0.028591242, 0.021657605, 0.021224255, 0.014723972, 0.013423916, 0.013423915, 0.012990563, 0.010823803, 0.010390451], [0.017972043, 0.013092393, 0.012563544, 0.0125240935, 0.012158131, 0.011577618, 0.011382805, 0.009930146, 0.009360523, 0.009169288], [0.01266101, 0.007893696, 0.007886029, 0.007613886, 0.006029171, 0.0053845826, 0.005259127, 0.005258723, 0.0052548875, 0.004757305], [0.014886819, 0.011210982, 0.01082405, 0.009856724, 0.00966326, 0.009082864, 0.008309003, 0.008309003, 0.007922073, 0.007728606], [0.037420575, 0.019322272, 0.017265648, 0.013563724, 0.012741074, 0.0115070995, 0.010273125, 0.0098618, 0.00903915, 0.0086278245], [0.015912082, 0.010748164, 0.010317837, 0.009242021, 0.008166205, 0.0077358773, 0.007305551, 0.007090388, 0.006875224, 0.006875224], [0.033174805, 0.0119695775, 0.010317222, 0.010317221, 0.008114081, 0.007976385, 0.0077009914, 0.0068748137, 0.0067371177, 0.0063240286], [0.021723516, 0.014555761, 0.011633899, 0.009828903, 0.009630047, 0.008742524, 0.0081217475, 0.007362773, 0.0071530277, 0.0068687815], [0.025074495, 0.009458517, 0.008128114, 0.0077977157, 0.007797267, 0.007631464, 0.0074655125, 0.006800229, 0.00613653, 0.005804289]]"
25,10,0.9099999999999999,5.0,35495.6796875,0.4064038252089509,,"[['model', 'cache', 'language', 'static', 'news', 'unbounded', 'network', 'word', 'distribution', 'domain'], ['state', 'algorithm', 'entropy', 'space', 'data', 'sn', 'sample', 'transition', 'sequence', 'mse'], ['data', 'missing', 'variable', 'case', 'set', 'ry', 'problem', 'xi', 'rx', 'value'], ['function', 'model', 'relaxation', 'linear', 'xi', 'bisubmodular', 'network', 'measurement', 'neural', 'submodular'], ['weight', 'function', 'network', 'value', 'parameter', 'learning', 'state', 'current', 'linear', 'constraint'], ['function', 'input', 'rate', 'model', 'process', 'ft', 'algorithm', 'neuron', 'region', 'xt'], ['set', 'algorithm', 'independent', 'variance', 'function', 'prediction', 'artifact', 'mixture', 'training', 'estimate'], ['basis', 'algorithm', 'vector', 'model', 'fm', 'pns', 'learning', 'ht', 'gradient', 'multioutput'], ['feature', 'tree', 'harmony', 'one', 'score', 'method', 'network', 'eq', 'selection', 'mi'], ['model', 'neuron', 'gradient', 'distribution', 'entropy', 'impulse', 'circuit', 'function', 'neural', 'natural']]","[[0.040912014, 0.02207022, 0.017359773, 0.013238133, 0.010882909, 0.010588506, 0.0094108945, 0.009116492, 0.008822089, 0.008527686], [0.01327942, 0.00803992, 0.0074013444, 0.0067624846, 0.006760879, 0.0066347113, 0.0066344086, 0.0065069282, 0.0065069282, 0.0065069236], [0.021027092, 0.020606907, 0.01660029, 0.009727934, 0.009431232, 0.009079209, 0.009050367, 0.008831094, 0.008192457, 0.00749121], [0.027193427, 0.021989293, 0.015602402, 0.012290682, 0.011817577, 0.011581026, 0.008978959, 0.008742408, 0.008269304, 0.008032753], [0.011963993, 0.0112248575, 0.010485721, 0.009746586, 0.00959876, 0.008711796, 0.0075291805, 0.0073813526, 0.0067900447, 0.0067900447], [0.010131811, 0.008130138, 0.007863248, 0.0071960227, 0.006929133, 0.006662243, 0.0065287985, 0.006261909, 0.0061284644, 0.0055946843], [0.010097325, 0.010094534, 0.01001993, 0.009805603, 0.009594317, 0.007588424, 0.0074602547, 0.0068704975, 0.0068441764, 0.00673055], [0.0153962765, 0.013386763, 0.013051844, 0.010037572, 0.010037572, 0.009032815, 0.008697896, 0.008697896, 0.008028058, 0.008028058], [0.030606331, 0.011834273, 0.010940366, 0.010716889, 0.009599505, 0.009152551, 0.009152551, 0.0078116893, 0.0078116893, 0.007141259], [0.0226264, 0.01258606, 0.009847786, 0.008752476, 0.007657167, 0.0076571666, 0.006926961, 0.006744409, 0.006744409, 0.0065618576]]"
25,10,0.9099999999999999,10.0,35704.765625,0.4821423434898232,,"[['model', 'cache', 'language', 'learning', 'static', 'network', 'chip', 'neural', 'news', 'unbounded'], ['state', 'model', 'gradient', 'transition', 'hidden', 'artifact', 'signal', 'independent', 'sequence', 'matrix'], ['feature', 'score', 'method', 'one', 'eq', 'selection', 'mi', 'ji', 'information', 'binary'], ['estimator', 'variance', 'entropy', 'mse', 'normalized', 'data', 'estimate', 'corr', 'stream', 'sample'], ['network', 'neuron', 'parameter', 'function', 'neural', 'impulse', 'circuit', 'training', 'model', 'rf'], ['algorithm', 'space', 'sn', 'function', 'probability', 'theorem', 'bound', 'set', 'ksu', 'nn'], ['model', 'distribution', 'gaussian', 'process', 'entropy', 'region', 'parameter', 'dg', 'dimension', 'data'], ['function', 'linear', 'xi', 'relaxation', 'basis', 'algorithm', 'bisubmodular', 'problem', 'vector', 'value'], ['data', 'missing', 'variable', 'set', 'case', 'algorithm', 'ft', 'problem', 'rx', 'convex'], ['model', 'network', 'input', 'weight', 'current', 'function', 'harmony', 'rate', 'tree', 'neural']]","[[0.028130211, 0.015467134, 0.011849104, 0.011445578, 0.009437084, 0.009232388, 0.0076273396, 0.00762457, 0.007427067, 0.0072260643], [0.021140888, 0.011175566, 0.010768819, 0.010362071, 0.008938453, 0.0077182082, 0.007514835, 0.006904713, 0.006701339, 0.006497965], [0.044502478, 0.013961069, 0.013311252, 0.012986344, 0.0113618, 0.0113618, 0.010387076, 0.009087441, 0.00908744, 0.008437623], [0.017487591, 0.016768511, 0.013892197, 0.012214345, 0.011974651, 0.011495265, 0.00957772, 0.009098335, 0.008618949, 0.0076601766], [0.01758206, 0.014657523, 0.011926285, 0.011719233, 0.010672197, 0.008784107, 0.0077428534, 0.0066920803, 0.0066903043, 0.00669027], [0.014886829, 0.011210989, 0.010824058, 0.009856732, 0.009663265, 0.009082871, 0.0083090095, 0.008309009, 0.0079220785, 0.0077286116], [0.022243269, 0.01562743, 0.011016394, 0.009412556, 0.008410156, 0.007608236, 0.0068063163, 0.0066058366, 0.0062048757, 0.005803916], [0.022705546, 0.00940864, 0.00940864, 0.009131622, 0.008023546, 0.007192489, 0.006776961, 0.0062229233, 0.005807395, 0.0058073946], [0.014939325, 0.014472158, 0.011980603, 0.009644772, 0.008243272, 0.00808755, 0.007776106, 0.0074646617, 0.0074646617, 0.0068417727], [0.018705623, 0.012619242, 0.011706283, 0.008358774, 0.007902295, 0.007445816, 0.007445816, 0.007293657, 0.0072936565, 0.006685018]]"
25,10,5.0,0.01,-79465.96875,0.3047950927697196,,"[['variable', 'process', 'first', 'eq', 'work', 'current', 'consider', 'gaussian', 'used', 'property'], ['two', 'neuron', 'time', 'learning', 'size', 'approximation', 'output', 'paper', 'optimization', 'sequence'], ['one', 'linear', 'probability', 'use', 'entropy', 'estimate', 'missing', 'binary', 'also', 'mean'], ['function', 'data', 'algorithm', 'using', 'result', 'number', 'prediction', 'rate', 'random', 'convex'], ['state', 'show', 'variance', 'term', 'equation', 'rule', 'selection', 'class', 'infinite', 'theory'], ['set', 'distribution', 'parameter', 'vector', 'xi', 'weight', 'matrix', 'training', 'space', 'order'], ['figure', 'ie', 'theorem', 'sample', 'given', 'constraint', 'activation', 'defined', 'large', 'basis'], ['network', 'value', 'error', 'information', 'following', 'however', 'based', 'cache', 'learning', 'relaxation'], ['problem', 'neural', 'feature', 'gradient', 'system', 'case', 'see', 'shown', 'point', 'log'], ['model', 'approach', 'method', 'section', 'example', 'independent', 'optimal', 'hidden', 'bound', 'form']]","[[0.043878306, 0.025487272, 0.025086652, 0.022937786, 0.021983825, 0.019700209, 0.016695393, 0.016621409, 0.016283112, 0.014363155], [0.030393984, 0.024101345, 0.023445917, 0.022471573, 0.021050006, 0.018942108, 0.0179584, 0.015531177, 0.01399385, 0.01398043], [0.03864613, 0.030857272, 0.028678289, 0.024034528, 0.023738286, 0.022880452, 0.022686563, 0.017352602, 0.015843868, 0.013273134], [0.0693915, 0.045799393, 0.04428734, 0.034771513, 0.02521932, 0.022723364, 0.01807332, 0.017737465, 0.013696272, 0.013229875], [0.054935005, 0.03956579, 0.028291376, 0.025953485, 0.024146032, 0.019092912, 0.016747134, 0.015450783, 0.015275815, 0.014937986], [0.048851013, 0.03431984, 0.027262682, 0.0245436, 0.02263337, 0.02060935, 0.018402213, 0.018092332, 0.017549507, 0.016847992], [0.03369648, 0.02298933, 0.021274557, 0.02111771, 0.019305134, 0.018779052, 0.017938795, 0.01617594, 0.015504998, 0.014438638], [0.050578307, 0.036156848, 0.02456089, 0.023933189, 0.023129204, 0.01725979, 0.016774153, 0.016471323, 0.014687978, 0.014292907], [0.037966862, 0.037371404, 0.03230589, 0.023951896, 0.023295162, 0.0201489, 0.01862835, 0.017815674, 0.016795605, 0.015465357], [0.08154038, 0.020846138, 0.019421663, 0.01659162, 0.015876886, 0.015704457, 0.015483981, 0.014545682, 0.013922758, 0.013044939]]"
25,10,5.0,0.31,35208.7421875,0.43612454079998847,,"[['feature', 'algorithm', 'sn', 'space', 'one', 'eq', 'method', 'set', 'score', 'ksu'], ['data', 'missing', 'variable', 'case', 'set', 'ry', 'problem', 'xi', 'rx', 'value'], ['model', 'entropy', 'distribution', 'linear', 'neural', 'network', 'measurement', 'data', 'dimension', 'dg'], ['neuron', 'circuit', 'artifact', 'impulse', 'independent', 'component', 'signal', 'neural', 'network', 'function'], ['state', 'estimator', 'variance', 'entropy', 'data', 'mse', 'transition', 'normalized', 'model', 'hidden'], ['network', 'parameter', 'weight', 'function', 'harmony', 'tree', 'neural', 'activation', 'learning', 'chip'], ['function', 'value', 'input', 'current', 'rate', 'linear', 'weight', 'gate', 'synapse', 'state'], ['function', 'algorithm', 'relaxation', 'set', 'loss', 'convex', 'xi', 'ft', 'bisubmodular', 'let'], ['model', 'cache', 'vector', 'language', 'learning', 'network', 'algorithm', 'basis', 'static', 'using'], ['gradient', 'process', 'gaussian', 'model', 'region', 'distribution', 'receptor', 'shrinkage', 'heavytailed', 'kx']]","[[0.021732517, 0.009669922, 0.008242624, 0.0082386, 0.0077659176, 0.0076072593, 0.0072902725, 0.0072887368, 0.0068142936, 0.0064968755], [0.020899802, 0.02045984, 0.016496683, 0.009673853, 0.009453407, 0.009014342, 0.009012684, 0.008792724, 0.008133917, 0.0074630785], [0.042332567, 0.011471978, 0.010907483, 0.0102404915, 0.009905456, 0.009892647, 0.009085384, 0.007845853, 0.0075602024, 0.007493691], [0.019222232, 0.013134942, 0.012911359, 0.012911359, 0.010077301, 0.009904029, 0.009822004, 0.0096804835, 0.008649802, 0.008323505], [0.016812654, 0.011575414, 0.011099301, 0.009194849, 0.008877441, 0.00808392, 0.008083919, 0.007925215, 0.007290398, 0.0069729886], [0.018908747, 0.009713249, 0.009681844, 0.008692732, 0.008204474, 0.008036832, 0.007953299, 0.0072448454, 0.006983327, 0.0063227233], [0.013732439, 0.012582773, 0.0114626875, 0.010285724, 0.009141754, 0.008769838, 0.00856977, 0.008379108, 0.008188446, 0.008000618], [0.030521065, 0.012793353, 0.0108236065, 0.0091821505, 0.008525569, 0.008525568, 0.008361422, 0.008197278, 0.008033132, 0.007868987], [0.026367124, 0.011922727, 0.009529224, 0.009377047, 0.008400192, 0.008335024, 0.0077812197, 0.0073088324, 0.007149578, 0.006466012], [0.014856415, 0.011905823, 0.009957941, 0.009730062, 0.008961111, 0.008198793, 0.006910571, 0.0066542537, 0.006397936, 0.0063979356]]"
25,10,5.0,0.61,35664.53515625,0.3930388497447004,,"[['state', 'transition', 'harmony', 'tree', 'variance', 'hidden', 'model', 'matrix', 'network', 'set'], ['feature', 'eq', 'one', 'rate', 'information', 'score', 'method', 'input', 'neuron', 'selection'], ['model', 'algorithm', 'basis', 'process', 'vector', 'gaussian', 'region', 'distribution', 'gradient', 'learning'], ['function', 'relaxation', 'xi', 'bisubmodular', 'set', 'algorithm', 'submodular', 'let', 'prediction', 'ui'], ['model', 'function', 'linear', 'value', 'network', 'neural', 'neuron', 'current', 'weight', 'synapse'], ['network', 'entropy', 'parameter', 'mse', 'normalized', 'data', 'estimator', 'corr', 'using', 'stream'], ['data', 'missing', 'variable', 'ry', 'rx', 'condition', 'vo', 'rf', 'recoverable', 'model'], ['model', 'cache', 'language', 'algorithm', 'ft', 'static', 'xt', 'set', 'function', 'news'], ['gradient', 'artifact', 'chip', 'signal', 'independent', 'learning', 'weight', 'component', 'neural', 'activation'], ['model', 'distribution', 'algorithm', 'space', 'dimension', 'sn', 'sample', 'set', 'case', 'entropy']]","[[0.020918027, 0.009692997, 0.009312483, 0.009312229, 0.008741723, 0.008361214, 0.008170839, 0.007600192, 0.0075999903, 0.007029358], [0.029129446, 0.012326397, 0.009986508, 0.009981429, 0.009136264, 0.00913596, 0.008710567, 0.008693257, 0.008044224, 0.0074343854], [0.009023402, 0.00830073, 0.00830073, 0.00830073, 0.0075780577, 0.0068553854, 0.0063133813, 0.005590709, 0.005590709, 0.005590709], [0.036089856, 0.015664935, 0.01210245, 0.011627452, 0.008777464, 0.008302466, 0.008064967, 0.007827469, 0.007827469, 0.00735247], [0.017105814, 0.011993053, 0.011977824, 0.010337382, 0.009789089, 0.008541237, 0.008413556, 0.008133267, 0.0071710246, 0.0071144523], [0.01698931, 0.014282855, 0.014276731, 0.013518086, 0.012288259, 0.01156175, 0.011058432, 0.0093366755, 0.008850778, 0.008844745], [0.019851813, 0.014886362, 0.012994761, 0.009684458, 0.009211557, 0.007556406, 0.007556406, 0.0075564054, 0.007319955, 0.007083505], [0.026319116, 0.0141963605, 0.011165669, 0.009839742, 0.0094609065, 0.008513816, 0.008324397, 0.008134979, 0.0073773065, 0.0069984705], [0.012374822, 0.008705245, 0.008705245, 0.008475896, 0.0077878507, 0.0070998045, 0.007099804, 0.006870456, 0.0068704556, 0.006411759], [0.012724527, 0.010422098, 0.00825529, 0.0075779925, 0.0074422103, 0.007035998, 0.0067621893, 0.006628834, 0.0056804656, 0.005666177]]"
25,10,5.0,0.9099999999999999,35295.0859375,0.44320584783902756,,"[['model', 'entropy', 'data', 'network', 'distribution', 'using', 'mse', 'normalized', 'linear', 'measurement'], ['gradient', 'ft', 'function', 'algorithm', 'xt', 'convex', 'point', 'regret', 'model', 'rf'], ['feature', 'eq', 'one', 'rate', 'score', 'information', 'input', 'method', 'neuron', 'selection'], ['network', 'neuron', 'harmony', 'tree', 'function', 'activation', 'impulse', 'circuit', 'parse', 'energy'], ['parameter', 'algorithm', 'sn', 'space', 'network', 'ksu', 'compression', 'nn', 'set', 'metric'], ['function', 'distribution', 'log', 'prediction', 'process', 'gaussian', 'probability', 'region', 'algorithm', 'mixture'], ['weight', 'current', 'learning', 'gate', 'synapse', 'chip', 'tunneling', 'floating', 'voltage', 'electron'], ['state', 'transition', 'function', 'linear', 'model', 'value', 'variance', 'set', 'hidden', 'policy'], ['model', 'cache', 'vector', 'language', 'algorithm', 'network', 'learning', 'using', 'basis', 'data'], ['function', 'data', 'variable', 'missing', 'xi', 'relaxation', 'set', 'problem', 'bisubmodular', 'case']]","[[0.02801732, 0.01474122, 0.01134844, 0.009430781, 0.0082506845, 0.007660635, 0.0075131226, 0.0073656105, 0.0072180973, 0.0070705856], [0.015912078, 0.010748162, 0.010317835, 0.00924202, 0.008166203, 0.007735876, 0.0073055495, 0.007090386, 0.006875223, 0.006875223], [0.029166372, 0.012290754, 0.009968481, 0.009957851, 0.009424407, 0.009111897, 0.008714359, 0.008704697, 0.008049113, 0.007450477], [0.020465106, 0.0192051, 0.015425081, 0.01511008, 0.013850073, 0.01322007, 0.01322007, 0.011645062, 0.009755052, 0.0094400495], [0.011945559, 0.011121037, 0.010708776, 0.010502647, 0.009884256, 0.008441344, 0.007410691, 0.007410691, 0.007204561, 0.007204561], [0.012069471, 0.011633686, 0.010732943, 0.010257739, 0.010208015, 0.009177757, 0.007830515, 0.0076635294, 0.0068760216, 0.0063480665], [0.022604126, 0.01454978, 0.014239998, 0.013930215, 0.013000867, 0.012071521, 0.01207152, 0.011761737, 0.011142172, 0.010212825], [0.024850326, 0.010105583, 0.0087339785, 0.0087339785, 0.008391077, 0.008048176, 0.007876726, 0.007533824, 0.007533824, 0.006848022], [0.02208247, 0.009680925, 0.009421808, 0.0076135285, 0.0076095676, 0.0072249207, 0.0069606057, 0.0063176015, 0.0061915684, 0.0061913314], [0.016609957, 0.014212546, 0.013920942, 0.013802202, 0.013335031, 0.009792315, 0.008668973, 0.007670497, 0.0072674765, 0.0070920927]]"
25,10,5.0,5.0,35640.43359375,0.42522150197776415,,"[['state', 'parameter', 'model', 'gradient', 'transition', 'network', 'hidden', 'number', 'sequence', 'set'], ['feature', 'function', 'relaxation', 'xi', 'bisubmodular', 'method', 'one', 'score', 'set', 'binary'], ['data', 'missing', 'variable', 'rate', 'function', 'ft', 'algorithm', 'rx', 'set', 'ry'], ['basis', 'algorithm', 'vector', 'model', 'fm', 'pns', 'learning', 'ht', 'gradient', 'multioutput'], ['model', 'cache', 'neuron', 'language', 'network', 'set', 'learning', 'neural', 'variance', 'static'], ['model', 'distribution', 'gaussian', 'process', 'entropy', 'region', 'parameter', 'dg', 'dimension', 'data'], ['model', 'algorithm', 'space', 'sn', 'error', 'ksu', 'linear', 'neural', 'measurement', 'network'], ['network', 'harmony', 'tree', 'rf', 'function', 'parse', 'energy', 'change', 'weight', 'equation'], ['data', 'entropy', 'mse', 'normalized', 'independent', 'estimator', 'function', 'algorithm', 'corr', 'artifact'], ['value', 'weight', 'constraint', 'function', 'linear', 'learning', 'problem', 'current', 'state', 'xi']]","[[0.02096871, 0.015031484, 0.011070933, 0.010677321, 0.010083667, 0.009364082, 0.008896176, 0.008301626, 0.006521199, 0.006519293], [0.025580075, 0.022591455, 0.012318067, 0.009329445, 0.009142656, 0.0083955005, 0.008208712, 0.008021923, 0.0074615553, 0.0072747665], [0.012819358, 0.009968391, 0.0091764545, 0.008226132, 0.008067744, 0.007909357, 0.0075925826, 0.0075925826, 0.0069590337, 0.006800647], [0.015396277, 0.013386765, 0.013051845, 0.010037573, 0.010037572, 0.009032816, 0.008697897, 0.008697897, 0.008028058, 0.008028058], [0.023204353, 0.011009472, 0.008952504, 0.008658652, 0.0083647985, 0.00748324, 0.006895536, 0.006748609, 0.006748609, 0.0066016833], [0.022243258, 0.015627423, 0.0110163875, 0.009412549, 0.008410151, 0.0076082316, 0.0068063117, 0.006605832, 0.0062048724, 0.005803913], [0.017739065, 0.0106008565, 0.010407931, 0.010022082, 0.009636233, 0.007899912, 0.0077069863, 0.007321136, 0.0071282117, 0.0071282117], [0.018048152, 0.017126424, 0.016776701, 0.011181128, 0.010945811, 0.010831404, 0.010481682, 0.0077561303, 0.007073219, 0.007039099], [0.012053535, 0.010157836, 0.008779146, 0.00860681, 0.008434474, 0.008262137, 0.0075727925, 0.007400455, 0.0065387753, 0.0065387744], [0.012712474, 0.010688444, 0.009531855, 0.008953561, 0.00808612, 0.008086119, 0.007363251, 0.0072186776, 0.0072186776, 0.006784957]]"
25,10,5.0,10.0,35144.28515625,0.47589659205276397,,"[['rate', 'function', 'ft', 'algorithm', 'input', 'xt', 'neuron', 'convex', 'regret', 'loss'], ['model', 'cache', 'network', 'language', 'neural', 'static', 'recurrent', 'linear', 'using', 'data'], ['data', 'state', 'model', 'variable', 'missing', 'entropy', 'transition', 'mse', 'normalized', 'estimator'], ['function', 'distribution', 'log', 'process', 'prediction', 'algorithm', 'independent', 'artifact', 'gaussian', 'region'], ['function', 'xi', 'relaxation', 'bisubmodular', 'variable', 'problem', 'set', 'submodular', 'ui', 'roof'], ['feature', 'algorithm', 'space', 'sn', 'one', 'eq', 'method', 'set', 'score', 'ksu'], ['basis', 'linear', 'function', 'algorithm', 'model', 'vector', 'policy', 'state', 'value', 'method'], ['network', 'parameter', 'harmony', 'tree', 'weight', 'activation', 'function', 'learning', 'chip', 'energy'], ['model', 'gradient', 'distribution', 'set', 'variance', 'entropy', 'estimate', 'correlation', 'sample', 'dg'], ['neuron', 'weight', 'current', 'synapse', 'gate', 'voltage', 'impulse', 'function', 'circuit', 'floating']]","[[0.014355095, 0.014352663, 0.014084328, 0.012111124, 0.012083934, 0.011829234, 0.010631224, 0.010137918, 0.009292261, 0.008446599], [0.043516155, 0.0141218705, 0.012991319, 0.011107069, 0.010353371, 0.0084691215, 0.0077154217, 0.007715421, 0.007526996, 0.007150146], [0.015614566, 0.012492058, 0.008209423, 0.007862631, 0.0072837607, 0.0067048897, 0.0061259824, 0.005894471, 0.005778697, 0.005547149], [0.009465771, 0.009127413, 0.008281391, 0.008281378, 0.007435318, 0.0069276844, 0.0067584813, 0.0064200573, 0.0064200405, 0.0059124213], [0.02765329, 0.020243797, 0.016292257, 0.012092621, 0.009622804, 0.008634823, 0.0086347675, 0.008387737, 0.0076467595, 0.0076467595], [0.021715136, 0.009663234, 0.008236036, 0.008236036, 0.0077603026, 0.007601725, 0.00728457, 0.00728457, 0.006808838, 0.0064916825], [0.01168796, 0.011284581, 0.011082893, 0.008460937, 0.008057558, 0.008057558, 0.008057558, 0.007855869, 0.007855869, 0.0072508026], [0.022185804, 0.012611143, 0.01065269, 0.010435084, 0.010435084, 0.0095646605, 0.008476631, 0.0082590245, 0.0082590245, 0.0076062065], [0.02081629, 0.009758083, 0.009205174, 0.008652262, 0.008652262, 0.0077307452, 0.00644062, 0.0062563173, 0.0060720136, 0.0060720136], [0.019909367, 0.01693527, 0.015675616, 0.014658958, 0.012777413, 0.012546048, 0.011924919, 0.011648497, 0.011356589, 0.011072424]]"
25,10,10.0,0.01,-78623.53125,0.32922656328345157,,"[['feature', 'case', 'weight', 'gradient', 'process', 'eq', 'however', 'large', 'equation', 'loss'], ['algorithm', 'one', 'method', 'matrix', 'size', 'shown', 'xi', 'bound', 'random', 'language'], ['problem', 'variable', 'linear', 'input', 'missing', 'theorem', 'constraint', 'solution', 'component', 'application'], ['learning', 'using', 'two', 'used', 'vector', 'entropy', 'point', 'optimal', 'analysis', 'binary'], ['system', 'training', 'variance', 'gaussian', 'condition', 'estimation', 'general', 'synapse', 'proposed', 'hold'], ['model', 'value', 'number', 'independent', 'first', 'cache', 'well', 'ft', 'therefore', 'word'], ['function', 'neural', 'figure', 'show', 'error', 'estimate', 'mean', 'estimator', 'consider', 'rx'], ['distribution', 'state', 'probability', 'also', 'sample', 'ie', 'rule', 'following', 'output', 'paper'], ['set', 'given', 'approach', 'information', 'prediction', 'order', 'hidden', 'since', 'time', 'convex'], ['data', 'network', 'parameter', 'result', 'neuron', 'use', 'rate', 'space', 'let', 'work']]","[[0.033324365, 0.030906076, 0.025307935, 0.02470662, 0.023134924, 0.020912409, 0.015505052, 0.014934998, 0.014056039, 0.01395383], [0.055847537, 0.03547582, 0.03396805, 0.021443384, 0.02086994, 0.017977946, 0.017802026, 0.016170926, 0.015522914, 0.013499757], [0.038859323, 0.035048522, 0.03136908, 0.027831899, 0.023066528, 0.020114115, 0.01845465, 0.013016634, 0.013014857, 0.011508202], [0.046134867, 0.041954197, 0.029189004, 0.028594691, 0.028587349, 0.02302331, 0.018639173, 0.017886788, 0.016854564, 0.016249554], [0.030923577, 0.028256273, 0.023888659, 0.019591773, 0.016617157, 0.015202071, 0.014174157, 0.0139121525, 0.013644666, 0.011463664], [0.108713515, 0.033833835, 0.019894153, 0.017730962, 0.017342033, 0.015457412, 0.01437104, 0.011791862, 0.011188126, 0.0110026505], [0.08422592, 0.037871584, 0.03266834, 0.028551927, 0.023801487, 0.023161843, 0.017604528, 0.017093055, 0.015060453, 0.0135901105], [0.037852958, 0.035003256, 0.026727911, 0.024062129, 0.020865615, 0.019419901, 0.018162502, 0.017419338, 0.016318578, 0.015367901], [0.0579484, 0.028898027, 0.024228934, 0.023148756, 0.021911427, 0.020442411, 0.017358396, 0.014911729, 0.014244307, 0.014223185], [0.051649682, 0.050464105, 0.028265137, 0.026693344, 0.023335082, 0.021437522, 0.020531006, 0.018712528, 0.0186118, 0.017376488]]"
25,10,10.0,0.31,34894.59765625,0.42264917159131077,,"[['model', 'harmony', 'tree', 'distribution', 'network', 'entropy', 'dimension', 'dg', 'parse', 'energy'], ['model', 'neuron', 'network', 'neural', 'impulse', 'linear', 'measurement', 'circuit', 'function', 'error'], ['feature', 'set', 'one', 'variance', 'estimate', 'method', 'variable', 'score', 'problem', 'xi'], ['state', 'parameter', 'function', 'transition', 'network', 'number', 'model', 'linear', 'hidden', 'policy'], ['data', 'missing', 'variable', 'gate', 'ry', 'synapse', 'weight', 'current', 'tunneling', 'source'], ['algorithm', 'learning', 'ft', 'convex', 'gradient', 'basis', 'function', 'problem', 'xt', 'vector'], ['entropy', 'data', 'mse', 'normalized', 'estimator', 'corr', 'variance', 'stream', 'using', 'shannon'], ['model', 'cache', 'algorithm', 'language', 'sn', 'space', 'probability', 'set', 'distribution', 'learning'], ['function', 'relaxation', 'rate', 'xi', 'bisubmodular', 'rule', 'input', 'set', 'algorithm', 'submodular'], ['gradient', 'process', 'model', 'gaussian', 'region', 'distribution', 'receptor', 'shrinkage', 'kx', 'heavytailed']]","[[0.024848253, 0.012817298, 0.012555516, 0.012279731, 0.0120275365, 0.010894485, 0.008887616, 0.008628751, 0.0081052305, 0.007843449], [0.030517623, 0.017722856, 0.017179728, 0.017049547, 0.011934225, 0.011054861, 0.010138251, 0.010034026, 0.008734243, 0.008611937], [0.021092508, 0.010772304, 0.008461811, 0.007383579, 0.006921481, 0.00692148, 0.00692148, 0.006767448, 0.006305349, 0.005997283], [0.02534351, 0.01327748, 0.0115302075, 0.010306256, 0.009401775, 0.008902171, 0.008382169, 0.0080331825, 0.007858329, 0.006984071], [0.016589353, 0.010771024, 0.009402006, 0.007519604, 0.007177349, 0.007177349, 0.0071773487, 0.0070062215, 0.0066639674, 0.0064928397], [0.0142719485, 0.010080507, 0.008683359, 0.008217644, 0.00759669, 0.0071309744, 0.0071309744, 0.0068204966, 0.006665258, 0.0063547813], [0.022703739, 0.021926682, 0.021236628, 0.019454999, 0.017508496, 0.014783395, 0.014686088, 0.014240003, 0.010994419, 0.009621649], [0.019088225, 0.009351876, 0.0076043247, 0.007354675, 0.0064808996, 0.006356075, 0.00623125, 0.00573195, 0.005607125, 0.005607125], [0.029268898, 0.011438735, 0.010841066, 0.008836749, 0.008489818, 0.007400341, 0.0073794755, 0.0065793646, 0.0060612974, 0.005887832], [0.014867082, 0.011789066, 0.009737054, 0.009737054, 0.00896755, 0.008198046, 0.006915538, 0.006659037, 0.0064025354, 0.0064025354]]"
25,10,10.0,0.61,34609.7265625,0.35926561100181414,,"[['algorithm', 'rate', 'learning', 'input', 'space', 'sn', 'neuron', 'ksu', 'eq', 'chip'], ['neuron', 'process', 'impulse', 'function', 'gaussian', 'circuit', 'region', 'model', 'distribution', 'shrinkage'], ['state', 'transition', 'entropy', 'model', 'data', 'mse', 'linear', 'normalized', 'number', 'function'], ['vector', 'basis', 'problem', 'algorithm', 'xi', 'case', 'model', 'learning', 'fm', 'missing'], ['parameter', 'network', 'weight', 'variance', 'gate', 'synapse', 'set', 'current', 'training', 'tunneling'], ['artifact', 'independent', 'rf', 'signal', 'component', 'stimulus', 'analysis', 'data', 'neural', 'change'], ['model', 'cache', 'network', 'neural', 'language', 'static', 'data', 'using', 'linear', 'recurrent'], ['data', 'missing', 'variable', 'ft', 'algorithm', 'rx', 'ry', 'set', 'xt', 'convex'], ['feature', 'score', 'method', 'one', 'eq', 'selection', 'mi', 'information', 'ji', 'binary'], ['function', 'model', 'relaxation', 'distribution', 'set', 'gradient', 'xi', 'tree', 'bisubmodular', 'harmony']]","[[0.009422541, 0.009113276, 0.008958645, 0.00849475, 0.0083401175, 0.008030853, 0.007876221, 0.006329903, 0.005866008, 0.005866008], [0.014074222, 0.011072667, 0.009687333, 0.008763778, 0.008763778, 0.00853289, 0.008302, 0.0080711115, 0.0071475557, 0.005993111], [0.021716438, 0.008954056, 0.008802122, 0.007890524, 0.0077385902, 0.0077385902, 0.007586657, 0.007586657, 0.007434724, 0.007434723], [0.009946735, 0.0097348895, 0.0097348895, 0.009311199, 0.008887508, 0.006980899, 0.006980899, 0.0065572076, 0.006345363, 0.0063453624], [0.013429289, 0.010374906, 0.009967654, 0.009356777, 0.008949525, 0.008542275, 0.008338649, 0.008338649, 0.007931398, 0.007931398], [0.013135131, 0.011405509, 0.011059584, 0.010367735, 0.01002181, 0.007946264, 0.0072544147, 0.0072544147, 0.0072544147, 0.0072544147], [0.049096867, 0.013333557, 0.012562251, 0.010577006, 0.010486925, 0.007996123, 0.0076741064, 0.007595271, 0.00757829, 0.0072844652], [0.016806435, 0.013400576, 0.012123378, 0.010633313, 0.010207581, 0.010207581, 0.009143249, 0.009143249, 0.008078918, 0.0076531847], [0.044502437, 0.013961057, 0.013311239, 0.012986332, 0.011361791, 0.011361791, 0.010387066, 0.009087433, 0.009087433, 0.008437616], [0.020213319, 0.008039457, 0.00737035, 0.0069295047, 0.006477698, 0.006139289, 0.0056930007, 0.0055811782, 0.0054693543, 0.005469354]]"
25,10,10.0,0.9099999999999999,35388.54296875,0.46936017370815486,,"[['input', 'current', 'rate', 'weight', 'gate', 'synapse', 'neuron', 'tunneling', 'floating', 'voltage'], ['model', 'state', 'transition', 'distribution', 'hidden', 'linear', 'neural', 'network', 'data', 'entropy'], ['function', 'data', 'variable', 'relaxation', 'missing', 'xi', 'bisubmodular', 'ry', 'set', 'rx'], ['function', 'neuron', 'gradient', 'model', 'neural', 'probability', 'impulse', 'rule', 'prediction', 'circuit'], ['algorithm', 'sn', 'space', 'ksu', 'artifact', 'compression', 'nn', 'metric', 'bayesconsistent', 'independent'], ['feature', 'method', 'function', 'basis', 'linear', 'one', 'algorithm', 'problem', 'approximation', 'selection'], ['model', 'cache', 'learning', 'language', 'set', 'static', 'variance', 'network', 'test', 'neural'], ['network', 'entropy', 'mse', 'normalized', 'harmony', 'tree', 'estimator', 'data', 'corr', 'stable'], ['ft', 'algorithm', 'convex', 'set', 'xt', 'function', 'optimization', 'case', 'regret', 'xi'], ['parameter', 'network', 'process', 'gaussian', 'region', 'distribution', 'function', 'shrinkage', 'kx', 'heavytailed']]","[[0.018417733, 0.016082998, 0.01484688, 0.013805087, 0.013791389, 0.013302886, 0.012118548, 0.011713543, 0.011697432, 0.011669398], [0.0336375, 0.017739829, 0.008324703, 0.008170357, 0.0072442787, 0.0069355853, 0.0069355853, 0.006626893, 0.006472546, 0.006472546], [0.021419106, 0.015519931, 0.014537047, 0.012965423, 0.012373508, 0.0113923345, 0.0096232705, 0.008050349, 0.00785228, 0.007263321], [0.013007978, 0.010840029, 0.0081684245, 0.007817203, 0.006737275, 0.0065955445, 0.0065954993, 0.0065879435, 0.006123821, 0.005794739], [0.013164903, 0.011039919, 0.01082742, 0.008702436, 0.008064941, 0.007639943, 0.0074274456, 0.0074274447, 0.007214946, 0.0067899493], [0.01892077, 0.00964344, 0.008389745, 0.00738679, 0.0072614215, 0.0070106825, 0.006383836, 0.0058823586, 0.0058823586, 0.0058823586], [0.021730607, 0.011615683, 0.010341848, 0.008897994, 0.008745805, 0.0070861913, 0.006935215, 0.006925862, 0.006180296, 0.006015472], [0.015714236, 0.014940914, 0.013136493, 0.012878718, 0.012620944, 0.012363169, 0.0115898475, 0.011074297, 0.009785426, 0.0095276525], [0.013657021, 0.012838539, 0.012016978, 0.010379177, 0.010376935, 0.010103594, 0.009830253, 0.009286339, 0.009010232, 0.008737326], [0.017730609, 0.011497422, 0.011257685, 0.009100043, 0.008380828, 0.007421877, 0.0069424007, 0.006223187, 0.0059834486, 0.0059834486]]"
25,10,10.0,5.0,34720.54296875,0.4102813572844319,,"[['model', 'cache', 'network', 'language', 'neural', 'static', 'recurrent', 'linear', 'using', 'data'], ['function', 'relaxation', 'gradient', 'xi', 'bisubmodular', 'rate', 'input', 'model', 'neuron', 'submodular'], ['state', 'transition', 'hidden', 'artifact', 'model', 'independent', 'sequence', 'matrix', 'signal', 'component'], ['network', 'weight', 'learning', 'activation', 'neuron', 'function', 'current', 'algorithm', 'vector', 'neural'], ['algorithm', 'space', 'sn', 'set', 'variance', 'error', 'ksu', 'estimate', 'compression', 'nn'], ['function', 'network', 'parameter', 'linear', 'state', 'policy', 'value', 'approximation', 'optimal', 'training'], ['feature', 'method', 'score', 'selection', 'one', 'eq', 'mi', 'interaction', 'information', 'binary'], ['model', 'data', 'missing', 'variable', 'distribution', 'entropy', 'ry', 'rx', 'sample', 'dg'], ['entropy', 'mse', 'algorithm', 'ft', 'normalized', 'estimator', 'data', 'corr', 'xt', 'convex'], ['distribution', 'function', 'prediction', 'process', 'log', 'set', 'gaussian', 'probability', 'xi', 'data']]","[[0.04351614, 0.014121865, 0.012991316, 0.011107068, 0.010353367, 0.008469119, 0.007715419, 0.007715418, 0.0075269933, 0.0071501434], [0.024202932, 0.0125731, 0.009903956, 0.00952265, 0.0093319975, 0.008569386, 0.007616119, 0.007425466, 0.0072348127, 0.0064722016], [0.028760992, 0.014098852, 0.012162344, 0.010502478, 0.010225833, 0.009395901, 0.009119257, 0.008842613, 0.008565969, 0.008289324], [0.011388385, 0.010729288, 0.0087765865, 0.008514993, 0.008182922, 0.0070361486, 0.006962752, 0.00645272, 0.0063690385, 0.006278557], [0.01369761, 0.01047229, 0.01047229, 0.0098675415, 0.009262796, 0.009061212, 0.008254883, 0.0072469697, 0.0072469697, 0.0072469697], [0.015371114, 0.012974059, 0.01137602, 0.009578227, 0.008579453, 0.007980189, 0.0075806794, 0.0065819058, 0.0063821506, 0.0063821506], [0.04581236, 0.014374889, 0.013643639, 0.013527761, 0.012773363, 0.010613799, 0.009703187, 0.009344774, 0.008711197, 0.008626651], [0.020538583, 0.019002246, 0.0122807445, 0.012088702, 0.0107444, 0.008055801, 0.007863757, 0.007095586, 0.0063274144, 0.0063274144], [0.013266215, 0.011663914, 0.011663913, 0.011435013, 0.011435013, 0.010977213, 0.010061611, 0.0086882105, 0.00868821, 0.00823041], [0.010600848, 0.009320082, 0.008879148, 0.00786775, 0.00786775, 0.0072396006, 0.006742356, 0.0062642684, 0.0061166333, 0.005954143]]"
25,10,10.0,10.0,35660.3828125,0.43390086223090546,,"[['gradient', 'receptor', 'ligand', 'tectum', 'model', 'retina', 'axon', 'eph', 'shape', 'retinotectal'], ['neuron', 'network', 'function', 'input', 'current', 'weight', 'rate', 'synapse', 'harmony', 'tree'], ['data', 'missing', 'algorithm', 'variable', 'theorem', 'sn', 'space', 'set', 'ry', 'ksu'], ['variance', 'set', 'estimate', 'xi', 'value', 'case', 'error', 'missing', 'crossvalidation', 'estimator'], ['state', 'transition', 'probability', 'function', 'hidden', 'model', 'sequence', 'mixture', 'prediction', 'number'], ['function', 'relaxation', 'algorithm', 'xi', 'ft', 'bisubmodular', 'convex', 'xt', 'set', 'submodular'], ['feature', 'function', 'method', 'parameter', 'network', 'one', 'linear', 'set', 'optimal', 'score'], ['model', 'data', 'cache', 'distribution', 'entropy', 'language', 'using', 'estimator', 'network', 'normalized'], ['model', 'neural', 'network', 'linear', 'learning', 'weight', 'measurement', 'input', 'artifact', 'chip'], ['model', 'distribution', 'basis', 'algorithm', 'entropy', 'vector', 'dg', 'dimension', 'learning', 'fm']]","[[0.038292963, 0.020268036, 0.01801492, 0.016512845, 0.0135086905, 0.012757653, 0.012006614, 0.011255575, 0.010504537, 0.009753499], [0.015464436, 0.01108164, 0.010771715, 0.0101463115, 0.0101463115, 0.009674161, 0.008901689, 0.008112198, 0.0076436093, 0.007487413], [0.013234045, 0.010750787, 0.009426382, 0.00909528, 0.00909528, 0.00876418, 0.008598629, 0.0076053254, 0.0067775734, 0.0067775734], [0.013862727, 0.013284696, 0.011550604, 0.011261591, 0.008949469, 0.008660453, 0.008660453, 0.008660453, 0.008660453, 0.008371438], [0.025761083, 0.012507383, 0.012261943, 0.011034749, 0.010789311, 0.009316677, 0.008334921, 0.008089483, 0.008089483, 0.007353166], [0.034027815, 0.015699761, 0.012605414, 0.011891335, 0.011891333, 0.011653307, 0.010939227, 0.009035015, 0.008320933, 0.008082907], [0.020681268, 0.011468369, 0.009958057, 0.008900838, 0.008296713, 0.008145683, 0.007239495, 0.006937433, 0.0066353707, 0.0064843395], [0.019848652, 0.009081913, 0.008962284, 0.008364131, 0.008005239, 0.0070481957, 0.0069285654, 0.0064500435, 0.006330413, 0.0060911523], [0.017104901, 0.011609292, 0.010196134, 0.006741749, 0.0065847323, 0.0065847323, 0.006427715, 0.00611368, 0.005956663, 0.005956663], [0.022480708, 0.008727284, 0.008541894, 0.008355824, 0.00779812, 0.0077980757, 0.0061250455, 0.00593864, 0.0059382212, 0.005567324]]"
25,13,0.01,0.01,-91443.4140625,0.2912177907130071,,"[['value', 'vector', 'neuron', 'entropy', 'analysis', 'binary', 'first', 'based', 'second', 'tree'], ['following', 'estimate', 'information', 'example', 'probability', 'output', 'defined', 'time', 'thus', 'maximum'], ['number', 'case', 'process', 'current', 'relaxation', 'natural', 'many', 'classifier', 'ht', 'page'], ['problem', 'method', 'order', 'random', 'word', 'class', 'ry', 'study', 'nn', 'zero'], ['feature', 'figure', 'system', 'since', 'hidden', 'log', 'approach', 'small', 'lemma', 'xt'], ['set', 'learning', 'algorithm', 'distribution', 'gradient', 'matrix', 'eq', 'variance', 'training', 'paper'], ['network', 'state', 'parameter', 'error', 'section', 'optimal', 'basis', 'classification', 'structure', 'synapse'], ['result', 'xi', 'input', 'rule', 'independent', 'size', 'et', 'bound', 'cache', 'constraint'], ['function', 'show', 'see', 'ie', 'measurement', 'work', 'language', 'proof', 'even', 'sampling'], ['also', 'let', 'missing', 'use', 'theorem', 'new', 'dimension', 'activation', 'machine', 'using'], ['linear', 'two', 'used', 'given', 'using', 'sample', 'shown', 'large', 'gaussian', 'test'], ['weight', 'however', 'point', 'may', 'loss', 'setting', 'unit', 'known', 'signal', 'normalized'], ['model', 'data', 'one', 'neural', 'variable', 'rate', 'prediction', 'space', 'mean', 'equation']]","[[0.047553048, 0.04065335, 0.036379375, 0.032779954, 0.028762313, 0.023845334, 0.022924352, 0.022543164, 0.021352531, 0.0163696], [0.03990652, 0.036633782, 0.035203107, 0.029409222, 0.028791169, 0.028428717, 0.024463616, 0.018343221, 0.018151278, 0.016579501], [0.049486212, 0.042707592, 0.03542884, 0.027402941, 0.021343596, 0.01938449, 0.017752966, 0.016306931, 0.016074454, 0.015709206], [0.057754576, 0.049691603, 0.022513062, 0.022351986, 0.016866392, 0.016555736, 0.013513366, 0.013111837, 0.012846826, 0.012197227], [0.039905183, 0.039583005, 0.028776374, 0.02081499, 0.020244785, 0.018684618, 0.018520065, 0.016703801, 0.015964357, 0.015234594], [0.06460134, 0.052144986, 0.051360216, 0.045361504, 0.026585855, 0.023725964, 0.022456754, 0.021573205, 0.019767897, 0.014499687], [0.06969611, 0.046786547, 0.040214084, 0.026189718, 0.023565378, 0.022419155, 0.016536329, 0.014116907, 0.013440957, 0.013008073], [0.03242826, 0.03018162, 0.029924251, 0.022287779, 0.019820133, 0.018289216, 0.017601172, 0.017580152, 0.017175032, 0.01644182], [0.10662765, 0.036453966, 0.02358739, 0.019410763, 0.018694345, 0.018377796, 0.017384274, 0.014464729, 0.013378775, 0.012556659], [0.03719038, 0.034346707, 0.032321386, 0.029918605, 0.028200109, 0.023442851, 0.02294676, 0.02180381, 0.020597946, 0.017979676], [0.036741946, 0.03560323, 0.03501847, 0.03404696, 0.03031304, 0.026884528, 0.020805402, 0.017936919, 0.017724095, 0.01720657], [0.04499, 0.030007305, 0.024804236, 0.023666853, 0.022958733, 0.022196779, 0.021471206, 0.020660542, 0.020016186, 0.019647148], [0.110087164, 0.057991583, 0.038447026, 0.037310608, 0.03723614, 0.022963583, 0.021545744, 0.018467221, 0.01805869, 0.016631586]]"
25,13,0.01,0.31,35528.92578125,0.44390204874821504,,"[['function', 'rate', 'input', 'neuron', 'probability', 'rule', 'model', 'prediction', 'rf', 'learning'], ['data', 'missing', 'variable', 'case', 'set', 'ry', 'problem', 'xi', 'rx', 'value'], ['function', 'model', 'relaxation', 'xi', 'bisubmodular', 'distribution', 'entropy', 'submodular', 'dg', 'binary'], ['state', 'entropy', 'data', 'transition', 'mse', 'normalized', 'estimator', 'hidden', 'model', 'number'], ['variance', 'learning', 'chip', 'set', 'estimate', 'weight', 'crossvalidation', 'activation', 'error', 'estimator'], ['gradient', 'ft', 'algorithm', 'xt', 'convex', 'function', 'regret', 'set', 'loss', 'point'], ['harmony', 'process', 'tree', 'gaussian', 'network', 'region', 'energy', 'distribution', 'parse', 'function'], ['feature', 'algorithm', 'space', 'sn', 'one', 'eq', 'method', 'set', 'score', 'ksu'], ['neuron', 'current', 'synapse', 'weight', 'gate', 'voltage', 'impulse', 'circuit', 'floating', 'tunneling'], ['basis', 'algorithm', 'vector', 'model', 'fm', 'pns', 'learning', 'ht', 'gradient', 'multioutput'], ['artifact', 'independent', 'signal', 'component', 'meg', 'ic', 'data', 'analysis', 'vector', 'source'], ['model', 'cache', 'language', 'function', 'linear', 'static', 'state', 'policy', 'network', 'value'], ['model', 'network', 'parameter', 'neural', 'error', 'linear', 'measurement', 'prediction', 'system', 'using']]","[[0.014660455, 0.012851769, 0.010641153, 0.009435362, 0.008430536, 0.008028606, 0.0074257096, 0.0074257096, 0.006420884, 0.006219919], [0.0210965, 0.020635584, 0.016664198, 0.009743841, 0.009478, 0.009109468, 0.009080412, 0.008886805, 0.008219765, 0.007479198], [0.025338579, 0.019579556, 0.01404906, 0.010640806, 0.010427789, 0.009989741, 0.0089366175, 0.0072325487, 0.0070194732, 0.0068064807], [0.022485977, 0.012535833, 0.011021682, 0.011021682, 0.011021681, 0.010805374, 0.009723837, 0.009507528, 0.009074914, 0.0086423], [0.013897872, 0.012688491, 0.011479111, 0.01026973, 0.009362697, 0.009362697, 0.009060351, 0.008455661, 0.008455661, 0.008455661], [0.022899425, 0.0154693425, 0.013302234, 0.0117543, 0.011135126, 0.010825538, 0.010206365, 0.009587191, 0.008968018, 0.008968018], [0.012277367, 0.012277366, 0.012026603, 0.010020504, 0.010020503, 0.00876669, 0.008766689, 0.0077636396, 0.0077636386, 0.007512877], [0.021723168, 0.009666807, 0.008239093, 0.008239093, 0.0077631013, 0.0076044877, 0.007287166, 0.007287046, 0.0068113646, 0.006494093], [0.017992929, 0.01622215, 0.015041629, 0.0147465, 0.01327085, 0.01297572, 0.012385461, 0.0117952, 0.01150007, 0.01150007], [0.0153962765, 0.013386763, 0.013051844, 0.010037572, 0.010037572, 0.009032815, 0.008697896, 0.008697896, 0.008028058, 0.008028058], [0.02574378, 0.02209932, 0.020947894, 0.019644195, 0.012866881, 0.010833686, 0.010338687, 0.00896707, 0.00889776, 0.008800492], [0.02775686, 0.01396661, 0.010984932, 0.009680449, 0.008748675, 0.008375966, 0.007444191, 0.007444191, 0.007071481, 0.007071481], [0.026657488, 0.023844246, 0.018668646, 0.01419963, 0.011969062, 0.011591271, 0.010324124, 0.008371406, 0.0076182573, 0.007384982]]"
25,13,0.01,0.61,35647.73828125,0.5426539805266548,,"[['model', 'distribution', 'entropy', 'dg', 'rf', 'dimension', 'image', 'size', 'data', 'correlation'], ['model', 'network', 'parameter', 'input', 'neural', 'rate', 'function', 'linear', 'error', 'measurement'], ['ft', 'algorithm', 'convex', 'xt', 'set', 'function', 'optimization', 'case', 'regret', 'xi'], ['data', 'missing', 'variable', 'process', 'ry', 'distribution', 'gaussian', 'rx', 'model', 'region'], ['neuron', 'activation', 'circuit', 'chip', 'neural', 'impulse', 'network', 'weight', 'learning', 'function'], ['feature', 'score', 'method', 'one', 'eq', 'selection', 'mi', 'information', 'ji', 'binary'], ['gate', 'weight', 'synapse', 'current', 'tunneling', 'floating', 'voltage', 'electron', 'synapsis', 'source'], ['model', 'cache', 'language', 'static', 'news', 'unbounded', 'network', 'word', 'distribution', 'domain'], ['function', 'relaxation', 'xi', 'bisubmodular', 'set', 'algorithm', 'submodular', 'let', 'prediction', 'ui'], ['gradient', 'linear', 'basis', 'model', 'function', 'algorithm', 'policy', 'value', 'vector', 'state'], ['estimator', 'variance', 'entropy', 'mse', 'normalized', 'data', 'estimate', 'corr', 'stream', 'sample'], ['state', 'transition', 'tree', 'harmony', 'hidden', 'network', 'model', 'sequence', 'matrix', 'parse'], ['algorithm', 'sn', 'space', 'ksu', 'artifact', 'compression', 'metric', 'nn', 'bayesconsistent', 'independent']]","[[0.027236557, 0.012186078, 0.010888622, 0.008553204, 0.0082937125, 0.008034222, 0.007255748, 0.007255748, 0.006996257, 0.006477275], [0.0222879, 0.017052742, 0.013368741, 0.011429792, 0.010072529, 0.008715265, 0.0077457908, 0.0077457908, 0.0075518964, 0.007358002], [0.014802108, 0.012997197, 0.012183312, 0.011444496, 0.010345638, 0.010030968, 0.009887196, 0.009276678, 0.008915534, 0.00875882], [0.016029105, 0.011739576, 0.011366574, 0.010434068, 0.0076365494, 0.0074500483, 0.0070770457, 0.0068905447, 0.0067040436, 0.006517542], [0.021994691, 0.016047478, 0.01277651, 0.01277651, 0.012479149, 0.012479149, 0.011587067, 0.011587067, 0.011289706, 0.008910821], [0.04450244, 0.013961058, 0.01331124, 0.012986333, 0.011361792, 0.011361792, 0.010387067, 0.009087433, 0.009087433, 0.008437617], [0.026934246, 0.025709506, 0.025709506, 0.025097143, 0.023872402, 0.023260029, 0.020810556, 0.020198185, 0.0159116, 0.015299233], [0.040912017, 0.022070222, 0.017359775, 0.013238134, 0.01088291, 0.010588507, 0.009410895, 0.009116492, 0.008822089, 0.008527687], [0.03608986, 0.015664937, 0.012102452, 0.011627453, 0.008777465, 0.008302467, 0.008064968, 0.007827469, 0.007827469, 0.0073524704], [0.012031046, 0.009796302, 0.009323413, 0.009317529, 0.008981718, 0.0065731853, 0.0064269165, 0.006419572, 0.0063887136, 0.0062659937], [0.017487554, 0.01676848, 0.013892167, 0.01221432, 0.011974627, 0.011495243, 0.009577703, 0.0090983175, 0.008618931, 0.0076601612], [0.030190034, 0.014251127, 0.013691866, 0.013691866, 0.012293717, 0.011175197, 0.010895567, 0.009217787, 0.008938158, 0.008658527], [0.013164909, 0.011039924, 0.010827425, 0.008702439, 0.008064944, 0.0076399464, 0.0074274484, 0.0074274484, 0.007214949, 0.006789952]]"
25,13,0.01,0.9099999999999999,35523.06640625,0.487859666908778,,"[['model', 'cache', 'vector', 'language', 'learning', 'network', 'algorithm', 'basis', 'static', 'using'], ['model', 'data', 'network', 'entropy', 'using', 'mse', 'normalized', 'measurement', 'linear', 'neural'], ['function', 'relaxation', 'gradient', 'xi', 'bisubmodular', 'submodular', 'model', 'rf', 'ui', 'roof'], ['function', 'linear', 'ft', 'algorithm', 'policy', 'value', 'state', 'xt', 'convex', 'method'], ['neuron', 'rate', 'input', 'function', 'impulse', 'circuit', 'model', 'noise', 'potential', 'network'], ['parameter', 'network', 'le', 'cun', 'function', 'training', 'number', 'objective', 'neural', 'set'], ['space', 'algorithm', 'sn', 'process', 'distribution', 'ksu', 'gaussian', 'compression', 'metric', 'nn'], ['model', 'distribution', 'entropy', 'dg', 'dimension', 'image', 'correlation', 'sample', 'ising', 'data'], ['state', 'hidden', 'transition', 'problem', 'learning', 'constraint', 'model', 'xi', 'chip', 'number'], ['function', 'gate', 'weight', 'synapse', 'current', 'tunneling', 'floating', 'voltage', 'prediction', 'electron'], ['harmony', 'tree', 'variance', 'network', 'energy', 'estimate', 'parse', 'crossvalidation', 'test', 'estimator'], ['feature', 'score', 'method', 'one', 'eq', 'selection', 'mi', 'information', 'ji', 'binary'], ['data', 'missing', 'variable', 'ry', 'rx', 'vo', 'recoverable', 'vi', 'vm', 'recoverability']]","[[0.026653824, 0.011823058, 0.009456446, 0.009298674, 0.008352029, 0.008352029, 0.007720932, 0.0072476086, 0.007089835, 0.0064587384], [0.017344115, 0.012189427, 0.010471199, 0.009955729, 0.0089247925, 0.008752969, 0.008581146, 0.008409323, 0.0077220313, 0.0077220313], [0.024410937, 0.013093919, 0.010314299, 0.009917212, 0.009718667, 0.0067405025, 0.0065419585, 0.006343414, 0.00614487, 0.00614487], [0.020773845, 0.013344819, 0.012813823, 0.011535307, 0.010249057, 0.010002252, 0.009992698, 0.009736104, 0.009235637, 0.008457978], [0.029026777, 0.01582824, 0.013188535, 0.012601933, 0.012308633, 0.010842129, 0.010255527, 0.008789023, 0.008789023, 0.0082024215], [0.035464574, 0.029863322, 0.014926663, 0.014926663, 0.010570136, 0.009325414, 0.008703053, 0.008703053, 0.008080692, 0.008080692], [0.012312832, 0.010047636, 0.009020032, 0.008119884, 0.007967311, 0.007109835, 0.0068898364, 0.006241564, 0.0060679098, 0.0060679098], [0.037420575, 0.019322272, 0.017265648, 0.013563724, 0.012741074, 0.0115070995, 0.010273125, 0.0098618, 0.00903915, 0.0086278245], [0.020768268, 0.009285579, 0.009285579, 0.008371819, 0.008009327, 0.0076422417, 0.0070981956, 0.007096772, 0.0069161174, 0.0069155954], [0.014400359, 0.012422467, 0.01213991, 0.011857353, 0.011574797, 0.011009686, 0.010727129, 0.009596905, 0.00931435, 0.009314349], [0.015397326, 0.01508289, 0.015066418, 0.012567405, 0.010939079, 0.009986739, 0.009737485, 0.009572898, 0.009347301, 0.009315958], [0.044502437, 0.013961057, 0.013311239, 0.012986332, 0.011361791, 0.011361791, 0.010387066, 0.009087433, 0.009087433, 0.008437616], [0.027735643, 0.02239994, 0.019554233, 0.014574247, 0.013151394, 0.011372827, 0.011017114, 0.010661401, 0.009949975, 0.009594261]]"
25,13,0.01,5.0,35869.09765625,0.47834089205362823,,"[['state', 'transition', 'hidden', 'model', 'sequence', 'number', 'emission', 'hmm', 'infinite', 'matrix'], ['parameter', 'network', 'le', 'cun', 'function', 'training', 'number', 'objective', 'neural', 'set'], ['model', 'network', 'harmony', 'tree', 'linear', 'neural', 'measurement', 'system', 'equation', 'error'], ['model', 'cache', 'language', 'static', 'news', 'unbounded', 'network', 'word', 'distribution', 'domain'], ['function', 'gradient', 'linear', 'model', 'rate', 'value', 'state', 'policy', 'input', 'neuron'], ['vector', 'algorithm', 'basis', 'artifact', 'independent', 'model', 'matrix', 'signal', 'fm', 'component'], ['function', 'relaxation', 'algorithm', 'xi', 'ft', 'bisubmodular', 'convex', 'xt', 'set', 'submodular'], ['data', 'missing', 'variable', 'entropy', 'mse', 'normalized', 'estimator', 'ry', 'corr', 'using'], ['function', 'prediction', 'set', 'distribution', 'xi', 'probability', 'rule', 'missing', 'data', 'algorithm'], ['neuron', 'algorithm', 'sn', 'space', 'impulse', 'ksu', 'circuit', 'compression', 'metric', 'nn'], ['feature', 'model', 'distribution', 'method', 'entropy', 'binary', 'one', 'score', 'dimension', 'eq'], ['variance', 'process', 'gaussian', 'estimate', 'region', 'estimator', 'distribution', 'set', 'crossvalidation', 'test'], ['weight', 'learning', 'current', 'gate', 'synapse', 'input', 'chip', 'tunneling', 'floating', 'change']]","[[0.04783194, 0.023450948, 0.020230819, 0.016090652, 0.015170614, 0.012870521, 0.012870521, 0.011030447, 0.010570427, 0.009650391], [0.035464596, 0.02986334, 0.01492667, 0.01492667, 0.010570142, 0.009325419, 0.008703058, 0.008703058, 0.008080696, 0.008080696], [0.028672239, 0.022995543, 0.014629892, 0.014331118, 0.011940933, 0.011343386, 0.011044613, 0.0101482915, 0.0098495195, 0.009251973], [0.040912025, 0.022070223, 0.017359776, 0.013238136, 0.010882912, 0.010588509, 0.009410896, 0.009116494, 0.00882209, 0.008527688], [0.0131409615, 0.010309896, 0.010309896, 0.0097015435, 0.00909245, 0.008893276, 0.008286368, 0.008084038, 0.008082366, 0.0076665403], [0.011754988, 0.011302487, 0.010849988, 0.00858749, 0.007456241, 0.0072299913, 0.0070037423, 0.0070037413, 0.006777493, 0.006777492], [0.03402781, 0.01569976, 0.012605413, 0.011891333, 0.0118913315, 0.011653306, 0.010939226, 0.009035014, 0.008320932, 0.008082906], [0.023013763, 0.011977579, 0.011406742, 0.011026184, 0.009694231, 0.009503951, 0.009123393, 0.00779144, 0.007220603, 0.0070303236], [0.012535802, 0.011990333, 0.010899393, 0.009535718, 0.00899025, 0.008990249, 0.00844478, 0.0081720445, 0.00789931, 0.0078993095], [0.012175404, 0.011763698, 0.010366819, 0.010168752, 0.008371274, 0.00817172, 0.0073735025, 0.007173949, 0.0069743944, 0.0069743944], [0.02501619, 0.0175266, 0.010219684, 0.008940973, 0.008575628, 0.008210282, 0.0080276085, 0.007844937, 0.0076622623, 0.0072969166], [0.011202622, 0.010969025, 0.009801045, 0.008866658, 0.008399467, 0.007932274, 0.0076986765, 0.007465081, 0.0072314846, 0.006997888], [0.017856939, 0.010753216, 0.010107423, 0.009676894, 0.009031102, 0.008600574, 0.008385309, 0.008385309, 0.008170045, 0.007954779]]"
25,13,0.01,10.0,35782.82421875,0.5610723932929493,,"[['feature', 'score', 'method', 'one', 'eq', 'selection', 'mi', 'ji', 'information', 'team'], ['algorithm', 'set', 'sn', 'space', 'ft', 'bound', 'estimate', 'variance', 'error', 'function'], ['model', 'distribution', 'entropy', 'dg', 'dimension', 'image', 'correlation', 'sample', 'ising', 'data'], ['value', 'linear', 'function', 'constraint', 'xi', 'policy', 'state', 'variable', 'problem', 'missing'], ['network', 'vector', 'model', 'process', 'harmony', 'algorithm', 'tree', 'basis', 'matrix', 'gaussian'], ['model', 'neural', 'linear', 'measurement', 'network', 'artifact', 'independent', 'time', 'error', 'signal'], ['model', 'cache', 'language', 'static', 'news', 'unbounded', 'network', 'word', 'distribution', 'domain'], ['gradient', 'gate', 'current', 'weight', 'synapse', 'tunneling', 'floating', 'voltage', 'electron', 'receptor'], ['function', 'prediction', 'mixture', 'log', 'probability', 'progressive', 'rule', 'algorithm', 'loss', 'set'], ['function', 'relaxation', 'xi', 'bisubmodular', 'submodular', 'ui', 'roof', 'duality', 'xn', 'pseudoboolean'], ['state', 'parameter', 'network', 'transition', 'model', 'hidden', 'number', 'training', 'probability', 'sequence'], ['data', 'missing', 'variable', 'ry', 'rx', 'vo', 'recoverable', 'vi', 'vm', 'recoverability'], ['neuron', 'network', 'rate', 'entropy', 'input', 'learning', 'activation', 'mse', 'normalized', 'neural']]","[[0.04450248, 0.01396107, 0.013311253, 0.012986345, 0.011361801, 0.011361801, 0.010387075, 0.0090874415, 0.009087441, 0.008437624], [0.01623328, 0.0099408375, 0.008623815, 0.0077457996, 0.0073067914, 0.0070141205, 0.006867784, 0.0067214477, 0.0065751118, 0.006428777], [0.037420638, 0.019322306, 0.017265677, 0.013563746, 0.012741094, 0.011507117, 0.010273141, 0.009861815, 0.009039164, 0.0086278375], [0.015746523, 0.0149453515, 0.013342775, 0.012007699, 0.010672404, 0.010672403, 0.010671596, 0.010405313, 0.00960413, 0.008001804], [0.008806537, 0.008806537, 0.0077948025, 0.007072136, 0.0070721353, 0.0069276025, 0.006927601, 0.0066385358, 0.0057713347, 0.0057713347], [0.027748728, 0.012392836, 0.012097531, 0.012097531, 0.011802225, 0.011211613, 0.009735085, 0.00943978, 0.009144475, 0.008849167], [0.040912054, 0.02207024, 0.01735979, 0.013238143, 0.010882919, 0.010588516, 0.009410903, 0.009116499, 0.008822096, 0.008527692], [0.017273748, 0.014901469, 0.014223676, 0.014223676, 0.014223675, 0.013206984, 0.012868087, 0.011512498, 0.011173603, 0.00914022], [0.022357576, 0.017155813, 0.015075109, 0.015075109, 0.015075109, 0.014554933, 0.014034756, 0.012994404, 0.011433875, 0.010913698], [0.04722542, 0.028591257, 0.02165762, 0.021224268, 0.014723982, 0.013423924, 0.013423924, 0.012990572, 0.01082381, 0.010390457], [0.020871015, 0.014683641, 0.011397187, 0.010237177, 0.010043765, 0.00869018, 0.008110287, 0.0069501437, 0.0065636015, 0.0063701314], [0.027735662, 0.022399958, 0.019554248, 0.014574258, 0.013151404, 0.011372836, 0.011017122, 0.010661408, 0.009949981, 0.009594268], [0.015112708, 0.008496523, 0.008361498, 0.007956427, 0.007821402, 0.0074163284, 0.007281305, 0.0068762326, 0.006741208, 0.006606184]]"
25,13,0.31,0.01,-91224.203125,0.31870664454524733,,"[['network', 'distribution', 'missing', 'first', 'variance', 'large', 'dimension', 'performance', 'estimation', 'noise'], ['neural', 'parameter', 'figure', 'order', 'since', 'equation', 'form', 'condition', 'tree', 'synapse'], ['set', 'algorithm', 'problem', 'feature', 'two', 'also', 'let', 'training', 'ie', 'work'], ['state', 'value', 'entropy', 'prediction', 'matrix', 'point', 'theorem', 'new', 'machine', 'sequence'], ['using', 'variable', 'one', 'xi', 'input', 'system', 'estimate', 'output', 'et', 'different'], ['given', 'error', 'information', 'log', 'cache', 'defined', 'classification', 'sn', 'several', 'classifier'], ['model', 'function', 'method', 'case', 'probability', 'used', 'time', 'process', 'sample', 'shown'], ['linear', 'gradient', 'analysis', 'size', 'language', 'lemma', 'rx', 'consider', 'would', 'ht'], ['rate', 'neuron', 'estimator', 'mean', 'hidden', 'gaussian', 'measurement', 'test', 'optimization', 'basis'], ['data', 'show', 'following', 'weight', 'use', 'eq', 'section', 'see', 'based', 'vector'], ['learning', 'result', 'approach', 'paper', 'well', 'loss', 'bound', 'unit', 'known', 'proposed'], ['approximation', 'example', 'note', 'constraint', 'al', 'datasets', 'local', 'single', 'le', 'solution'], ['number', 'space', 'rule', 'independent', 'second', 'relaxation', 'eg', 'class', 'infinite', 'possible']]","[[0.0786403, 0.059111115, 0.032485206, 0.032347992, 0.028266734, 0.021734318, 0.021415224, 0.017884886, 0.014347065, 0.0140573615], [0.049831036, 0.044219445, 0.043693967, 0.02733068, 0.024301928, 0.02212708, 0.01920093, 0.017058924, 0.015992125, 0.014332538], [0.06516086, 0.055138227, 0.03717874, 0.036229644, 0.033407543, 0.029101046, 0.026827987, 0.024315841, 0.02406302, 0.021797609], [0.05506397, 0.050014656, 0.03432054, 0.031340234, 0.028965745, 0.027753903, 0.027725847, 0.023892354, 0.020863015, 0.02008556], [0.049222015, 0.04455864, 0.044063415, 0.032641046, 0.030432755, 0.0244411, 0.020448918, 0.020234467, 0.018334504, 0.015780842], [0.036113977, 0.029914122, 0.02912882, 0.020633735, 0.019904794, 0.019022599, 0.016868962, 0.016288508, 0.015008017, 0.01398395], [0.10459677, 0.07905587, 0.030427769, 0.029035635, 0.027715387, 0.023337755, 0.022518635, 0.021682054, 0.019072654, 0.017229566], [0.040619597, 0.031740054, 0.027353128, 0.02079936, 0.01767731, 0.016851746, 0.01634745, 0.014278677, 0.013877423, 0.013647449], [0.033311997, 0.03329629, 0.027390026, 0.026192108, 0.024191266, 0.021479923, 0.020857576, 0.020851936, 0.019946259, 0.01791332], [0.07323545, 0.035423715, 0.03131271, 0.031010952, 0.029195428, 0.025672307, 0.02315665, 0.01967183, 0.018957855, 0.017305203], [0.05714259, 0.041656915, 0.035316154, 0.02447405, 0.021484056, 0.020044573, 0.017595783, 0.017021121, 0.016673144, 0.01492043], [0.03269241, 0.031441506, 0.020457584, 0.019992532, 0.019618504, 0.019265788, 0.017886128, 0.01726349, 0.01493607, 0.01480128], [0.041749455, 0.02788805, 0.027042972, 0.024067655, 0.020518469, 0.018180985, 0.015646689, 0.014565445, 0.014039117, 0.013896245]]"
25,13,0.31,0.31,35001.94921875,0.5224942178760694,,"[['parameter', 'algorithm', 'sn', 'space', 'network', 'ksu', 'compression', 'nn', 'metric', 'set'], ['input', 'current', 'rate', 'gate', 'weight', 'signal', 'synapse', 'tunneling', 'artifact', 'source'], ['function', 'state', 'linear', 'constraint', 'value', 'policy', 'chip', 'learning', 'weight', 'activation'], ['function', 'ft', 'harmony', 'tree', 'algorithm', 'network', 'xt', 'convex', 'regret', 'parse'], ['data', 'missing', 'variable', 'ry', 'rx', 'vo', 'recoverable', 'vi', 'vm', 'recoverability'], ['model', 'neural', 'network', 'linear', 'missing', 'prediction', 'measurement', 'data', 'value', 'error'], ['model', 'cache', 'language', 'static', 'news', 'unbounded', 'network', 'word', 'distribution', 'domain'], ['basis', 'algorithm', 'vector', 'model', 'fm', 'pns', 'learning', 'ht', 'convex', 'problem'], ['estimator', 'variance', 'entropy', 'mse', 'normalized', 'data', 'estimate', 'corr', 'stream', 'sample'], ['feature', 'function', 'relaxation', 'xi', 'bisubmodular', 'method', 'one', 'score', 'set', 'binary'], ['state', 'transition', 'hidden', 'model', 'sequence', 'number', 'emission', 'hmm', 'infinite', 'matrix'], ['model', 'distribution', 'function', 'gradient', 'entropy', 'set', 'rule', 'data', 'prediction', 'log'], ['neuron', 'process', 'impulse', 'gaussian', 'function', 'circuit', 'region', 'model', 'distribution', 'shrinkage']]","[[0.0120691685, 0.011359364, 0.01094069, 0.0107301, 0.009393431, 0.008624201, 0.0075712497, 0.0075712306, 0.00736066, 0.0072312946], [0.0127356425, 0.010823857, 0.0101865325, 0.009336861, 0.009336858, 0.009124444, 0.009124429, 0.008274642, 0.008062287, 0.008062287], [0.014185762, 0.013350717, 0.012794021, 0.012515672, 0.011680627, 0.011123931, 0.010567234, 0.00973219, 0.008897144, 0.0077837515], [0.015659641, 0.015056964, 0.014755624, 0.014454286, 0.0135502685, 0.012043572, 0.012043572, 0.010838214, 0.009934196, 0.009331518], [0.027735643, 0.02239994, 0.019554233, 0.014574247, 0.013151394, 0.011372827, 0.011017114, 0.010661401, 0.009949975, 0.009594261], [0.021973154, 0.010729357, 0.010266063, 0.010164963, 0.008830341, 0.008618015, 0.007259085, 0.0072485027, 0.0071436204, 0.006988192], [0.040912014, 0.02207022, 0.017359773, 0.013238133, 0.010882909, 0.010588506, 0.0094108945, 0.009116492, 0.008822089, 0.008527686], [0.014865604, 0.013534802, 0.013509279, 0.0097189015, 0.009691477, 0.008721329, 0.008651931, 0.008397947, 0.0080264695, 0.007872505], [0.017487543, 0.016768467, 0.013892158, 0.012214311, 0.011974619, 0.011495234, 0.009577696, 0.009098311, 0.008618926, 0.0076601557], [0.025580067, 0.02259145, 0.012318064, 0.009329443, 0.009142654, 0.008395499, 0.00820871, 0.008021921, 0.007461554, 0.007274765], [0.04783191, 0.023450932, 0.020230806, 0.01609064, 0.015170604, 0.012870513, 0.012870513, 0.01103044, 0.010570421, 0.009650385], [0.019875392, 0.012063274, 0.009577601, 0.009400053, 0.0076245707, 0.0072694747, 0.0067368303, 0.006559282, 0.006381734, 0.0060266373], [0.014074219, 0.011072725, 0.009687384, 0.008763825, 0.008763787, 0.008532927, 0.008302044, 0.008071127, 0.0071475934, 0.0059931437]]"
25,13,0.31,0.61,35630.31640625,0.48880654550140556,,"[['feature', 'score', 'method', 'one', 'eq', 'selection', 'mi', 'information', 'ji', 'binary'], ['rf', 'change', 'stimulus', 'size', 'training', 'amari', 'mf', 'model', 'neural', 'function'], ['model', 'cache', 'language', 'static', 'news', 'unbounded', 'network', 'word', 'distribution', 'domain'], ['model', 'distribution', 'entropy', 'data', 'case', 'dg', 'xi', 'dimension', 'missing', 'problem'], ['algorithm', 'space', 'sn', 'harmony', 'tree', 'network', 'ksu', 'artifact', 'compression', 'metric'], ['function', 'data', 'variable', 'relaxation', 'missing', 'xi', 'bisubmodular', 'ry', 'set', 'rx'], ['model', 'gate', 'weight', 'current', 'synapse', 'linear', 'network', 'tunneling', 'floating', 'measurement'], ['function', 'algorithm', 'loss', 'ft', 'bound', 'convex', 'log', 'set', 'xt', 'prediction'], ['gradient', 'model', 'basis', 'algorithm', 'vector', 'fm', 'pns', 'receptor', 'learning', 'ht'], ['variance', 'process', 'gaussian', 'estimate', 'region', 'estimator', 'distribution', 'set', 'crossvalidation', 'test'], ['entropy', 'input', 'rate', 'neuron', 'mse', 'normalized', 'data', 'learning', 'estimator', 'network'], ['network', 'neuron', 'parameter', 'function', 'impulse', 'neural', 'circuit', 'activation', 'le', 'cun'], ['state', 'transition', 'function', 'linear', 'model', 'hidden', 'policy', 'value', 'number', 'sequence']]","[[0.044502437, 0.013961057, 0.013311239, 0.012986332, 0.011361791, 0.011361791, 0.010387066, 0.009087433, 0.009087433, 0.008437616], [0.022142848, 0.014527806, 0.013835529, 0.012450976, 0.0117587, 0.0117587, 0.0103741465, 0.009681871, 0.009681871, 0.008989594], [0.040912014, 0.02207022, 0.017359773, 0.013238133, 0.010882909, 0.010588506, 0.0094108945, 0.009116492, 0.008822089, 0.008527686], [0.022535952, 0.014860734, 0.010063724, 0.009104321, 0.008624621, 0.007905069, 0.0076652174, 0.0074253674, 0.007425367, 0.006945666], [0.010427712, 0.008712817, 0.008541016, 0.008069344, 0.008069302, 0.007080036, 0.0067501874, 0.006255614, 0.0059257653, 0.00576088], [0.02142262, 0.015523736, 0.0145405885, 0.01296755, 0.012377663, 0.011394515, 0.009624848, 0.008051813, 0.007855183, 0.0072652935], [0.027705908, 0.01230818, 0.012028221, 0.011748262, 0.011748262, 0.011261198, 0.011188343, 0.010908386, 0.010628427, 0.0106284255], [0.020170286, 0.017933762, 0.013315866, 0.013048658, 0.0111036915, 0.010964214, 0.010617259, 0.010540666, 0.009907194, 0.009101676], [0.017458512, 0.011169848, 0.010704021, 0.00930654, 0.009073625, 0.006977405, 0.0062786643, 0.006278664, 0.00604575, 0.00604575], [0.0112026315, 0.010969036, 0.0098010525, 0.008866667, 0.008399474, 0.007932281, 0.0076986845, 0.0074650873, 0.0072314907, 0.0069978945], [0.010367938, 0.009312553, 0.009312553, 0.00896076, 0.00896076, 0.008784863, 0.008257171, 0.008257171, 0.007905376, 0.006674095], [0.021719698, 0.018147692, 0.016957024, 0.012789685, 0.012492018, 0.011003682, 0.011003682, 0.0077293445, 0.007431677, 0.00713401], [0.034425203, 0.01419753, 0.011789474, 0.011067057, 0.0108262515, 0.010585446, 0.009622224, 0.009381418, 0.008899807, 0.007936585]]"
25,13,0.31,0.9099999999999999,35850.0859375,0.49389633247579656,,"[['process', 'distribution', 'gaussian', 'xi', 'region', 'problem', 'missing', 'case', 'value', 'variable'], ['model', 'linear', 'function', 'state', 'value', 'network', 'error', 'policy', 'measurement', 'neural'], ['function', 'relaxation', 'xi', 'bisubmodular', 'submodular', 'rf', 'ui', 'roof', 'duality', 'xn'], ['model', 'distribution', 'cache', 'language', 'entropy', 'data', 'static', 'network', 'news', 'unbounded'], ['network', 'parameter', 'learning', 'weight', 'chip', 'neural', 'le', 'activation', 'cun', 'boltzmann'], ['algorithm', 'space', 'sn', 'function', 'probability', 'theorem', 'set', 'bound', 'ksu', 'nn'], ['neuron', 'rate', 'input', 'function', 'impulse', 'circuit', 'model', 'noise', 'potential', 'neural'], ['basis', 'algorithm', 'vector', 'model', 'fm', 'pns', 'learning', 'ht', 'gradient', 'multioutput'], ['feature', 'one', 'set', 'variance', 'score', 'method', 'selection', 'estimate', 'eq', 'mi'], ['state', 'transition', 'hidden', 'model', 'sequence', 'number', 'emission', 'hmm', 'infinite', 'matrix'], ['gradient', 'harmony', 'tree', 'network', 'parse', 'energy', 'receptor', 'ligand', 'model', 'system'], ['data', 'entropy', 'mse', 'normalized', 'estimator', 'gate', 'independent', 'weight', 'synapse', 'current'], ['data', 'missing', 'variable', 'ft', 'rx', 'algorithm', 'ry', 'set', 'xt', 'convex']]","[[0.011313332, 0.010620067, 0.0096957125, 0.008540271, 0.008078094, 0.0069245715, 0.0069226506, 0.0066936086, 0.0062306547, 0.005998497], [0.025977796, 0.021901282, 0.013493464, 0.012219552, 0.012219552, 0.01094564, 0.010690859, 0.010181294, 0.009416946, 0.009162164], [0.03268204, 0.017675856, 0.013388375, 0.013120407, 0.009100895, 0.008564959, 0.008296993, 0.008296993, 0.008029025, 0.006689187], [0.039746877, 0.013301196, 0.012956846, 0.010190586, 0.008806971, 0.007942464, 0.007770108, 0.006557289, 0.0063869786, 0.0062140883], [0.019365054, 0.018115051, 0.011865034, 0.011865034, 0.011865034, 0.009677527, 0.008740025, 0.008740025, 0.0074900207, 0.0071775196], [0.014886819, 0.011210982, 0.01082405, 0.009856724, 0.00966326, 0.009082864, 0.008309003, 0.008309003, 0.007922073, 0.007728606], [0.02909498, 0.01582701, 0.013223615, 0.012615447, 0.012293978, 0.011030817, 0.010257044, 0.00880995, 0.008778552, 0.008200565], [0.0153962765, 0.013386763, 0.013051844, 0.010037572, 0.010037572, 0.009032815, 0.008697896, 0.008697896, 0.008028058, 0.008028058], [0.028724015, 0.010686604, 0.010686604, 0.009637918, 0.009218443, 0.008798969, 0.00796002, 0.007540543, 0.007330807, 0.0067015947], [0.047831923, 0.023450937, 0.02023081, 0.016090645, 0.015170608, 0.012870517, 0.012870517, 0.011030442, 0.010570423, 0.009650387], [0.01897631, 0.017880945, 0.017515825, 0.014594854, 0.011308761, 0.01094364, 0.009848277, 0.008752912, 0.00802267, 0.00802267], [0.011227846, 0.010502824, 0.009234034, 0.0090527795, 0.008146501, 0.007965246, 0.0077839894, 0.0076027336, 0.0076027336, 0.007421478], [0.016823426, 0.013414177, 0.012135499, 0.010644099, 0.010217944, 0.010216128, 0.009152534, 0.009150387, 0.008087113, 0.007659131]]"
25,13,0.31,5.0,35724.1015625,0.5444796855036457,,"[['input', 'rate', 'neuron', 'learning', 'constraint', 'problem', 'xi', 'chip', 'value', 'noise'], ['model', 'cache', 'network', 'language', 'harmony', 'tree', 'static', 'vector', 'news', 'unbounded'], ['estimator', 'variance', 'entropy', 'mse', 'normalized', 'data', 'estimate', 'corr', 'stream', 'sample'], ['algorithm', 'space', 'sn', 'function', 'probability', 'theorem', 'set', 'bound', 'ksu', 'nn'], ['artifact', 'independent', 'signal', 'component', 'meg', 'ic', 'data', 'analysis', 'source', 'vector'], ['model', 'gradient', 'linear', 'distribution', 'neural', 'network', 'entropy', 'measurement', 'data', 'dimension'], ['data', 'missing', 'variable', 'process', 'ry', 'distribution', 'gaussian', 'rx', 'model', 'region'], ['state', 'transition', 'function', 'linear', 'model', 'hidden', 'policy', 'value', 'number', 'sequence'], ['feature', 'method', 'algorithm', 'selection', 'basis', 'one', 'score', 'vector', 'interaction', 'eq'], ['ft', 'algorithm', 'xt', 'convex', 'function', 'regret', 'loss', 'gradient', 'bco', 'bound'], ['weight', 'gate', 'synapse', 'current', 'tunneling', 'floating', 'voltage', 'electron', 'synapsis', 'source'], ['function', 'relaxation', 'xi', 'bisubmodular', 'submodular', 'ui', 'roof', 'duality', 'xn', 'pseudoboolean'], ['network', 'neuron', 'parameter', 'function', 'neural', 'impulse', 'circuit', 'model', 'training', 'rf']]","[[0.010836409, 0.01043469, 0.010233831, 0.009832112, 0.008426095, 0.007823518, 0.007823518, 0.007622658, 0.0072209393, 0.006618361], [0.029837305, 0.01564418, 0.015018013, 0.013139511, 0.010217398, 0.010008676, 0.009382509, 0.008338897, 0.007712729, 0.0075040064], [0.017487558, 0.016768478, 0.013892169, 0.012214321, 0.011974628, 0.011495244, 0.009577702, 0.009098318, 0.008618932, 0.0076601612], [0.0148868235, 0.011210985, 0.010824054, 0.009856727, 0.0096632615, 0.009082866, 0.008309005, 0.008309005, 0.007922076, 0.007728608], [0.025976816, 0.021873634, 0.020505907, 0.019822044, 0.012983409, 0.010931818, 0.010247954, 0.008880227, 0.008880227, 0.008880227], [0.035567205, 0.009371053, 0.0088400515, 0.008486049, 0.008486049, 0.007601043, 0.007424042, 0.0070700403, 0.006716038, 0.0060080346], [0.016029097, 0.011739571, 0.0113665685, 0.010434063, 0.007636546, 0.007450044, 0.007077042, 0.006890541, 0.0067040403, 0.006517539], [0.034425233, 0.014197543, 0.011789485, 0.011067066, 0.010826262, 0.010585455, 0.009622232, 0.009381426, 0.008899815, 0.007936592], [0.025135918, 0.009480051, 0.008143667, 0.007816865, 0.0078168195, 0.0076498603, 0.0074838204, 0.006817645, 0.0061515686, 0.0058185305], [0.026105221, 0.02244909, 0.019837566, 0.018792957, 0.017748348, 0.017226044, 0.015136828, 0.012003002, 0.012003001, 0.011480697], [0.028599706, 0.026648985, 0.025437213, 0.025036177, 0.023619553, 0.023013668, 0.020590119, 0.019984236, 0.015743027, 0.0151371425], [0.047225397, 0.028591244, 0.021657612, 0.02122426, 0.014723977, 0.013423921, 0.01342392, 0.012990567, 0.010823806, 0.010390454], [0.017580751, 0.01464896, 0.011926582, 0.011717169, 0.010670099, 0.008785376, 0.0077383067, 0.006691238, 0.006691238, 0.006691238]]"
25,13,0.31,10.0,35812.4609375,0.5310889577240301,,"[['state', 'model', 'hidden', 'transition', 'basis', 'number', 'algorithm', 'matrix', 'vector', 'learning'], ['gradient', 'receptor', 'ligand', 'tectum', 'model', 'retina', 'axon', 'eph', 'shape', 'retinotectal'], ['network', 'parameter', 'learning', 'weight', 'chip', 'neural', 'le', 'activation', 'cun', 'boltzmann'], ['algorithm', 'space', 'sn', 'function', 'probability', 'theorem', 'set', 'bound', 'ksu', 'nn'], ['function', 'relaxation', 'xi', 'bisubmodular', 'submodular', 'ui', 'roof', 'duality', 'xn', 'pseudoboolean'], ['model', 'cache', 'language', 'static', 'news', 'unbounded', 'network', 'word', 'distribution', 'domain'], ['model', 'input', 'rate', 'linear', 'network', 'neural', 'measurement', 'neuron', 'noise', 'error'], ['algorithm', 'ft', 'process', 'function', 'gaussian', 'xt', 'artifact', 'convex', 'region', 'independent'], ['value', 'linear', 'set', 'function', 'variance', 'constraint', 'xi', 'variable', 'state', 'error'], ['model', 'neuron', 'distribution', 'entropy', 'impulse', 'circuit', 'function', 'natural', 'dg', 'dimension'], ['data', 'missing', 'variable', 'network', 'harmony', 'tree', 'ry', 'rx', 'model', 'condition'], ['feature', 'current', 'gate', 'method', 'score', 'weight', 'synapse', 'one', 'tunneling', 'floating'], ['entropy', 'mse', 'normalized', 'estimator', 'data', 'corr', 'stream', 'using', 'shannon', 'variance']]","[[0.020283308, 0.012673318, 0.0124781905, 0.009941528, 0.009356143, 0.008770759, 0.008380502, 0.007990247, 0.007990247, 0.0068194787], [0.038218327, 0.020221079, 0.017973179, 0.016474579, 0.013491514, 0.012728078, 0.011978778, 0.011229478, 0.010857147, 0.009730877], [0.019365111, 0.018115103, 0.011865067, 0.011865067, 0.011865067, 0.0096775545, 0.00874005, 0.00874005, 0.0074900417, 0.00717754], [0.014886829, 0.011210988, 0.010824057, 0.009856731, 0.009663264, 0.00908287, 0.008309009, 0.008309009, 0.007922078, 0.007728611], [0.0472254, 0.028591247, 0.021657614, 0.021224262, 0.014723977, 0.01342392, 0.01342392, 0.012990568, 0.010823807, 0.010390454], [0.04091203, 0.022070225, 0.017359778, 0.013238137, 0.010882911, 0.01058851, 0.009410897, 0.009116493, 0.00882209, 0.008527687], [0.031258922, 0.015903646, 0.012553405, 0.011157471, 0.011157471, 0.010878284, 0.010599098, 0.010599098, 0.010040725, 0.008644789], [0.009994652, 0.008468525, 0.008298952, 0.007959771, 0.006433679, 0.006433679, 0.006433649, 0.0062641087, 0.0059249676, 0.0059249406], [0.012331595, 0.0112263765, 0.010121159, 0.00956855, 0.0088317385, 0.008647536, 0.008647536, 0.008463332, 0.0077265203, 0.007542318], [0.025366783, 0.016508847, 0.011241969, 0.010044952, 0.01004495, 0.009087336, 0.008608529, 0.008608529, 0.0078903185, 0.0076509146], [0.01494039, 0.011202794, 0.010134907, 0.009778945, 0.00871106, 0.008533079, 0.007287213, 0.006931253, 0.0060413475, 0.0058633666], [0.029225953, 0.009379647, 0.009379647, 0.009166246, 0.009166246, 0.008952844, 0.008952844, 0.008739444, 0.008312641, 0.00809924], [0.02338343, 0.020560084, 0.020156747, 0.018140074, 0.017333403, 0.01531673, 0.014510059, 0.010880044, 0.00967004, 0.009670039]]"
25,13,0.61,0.01,-90823.171875,0.3129918079251836,,"[['model', 'result', 'variance', 'et', 'measurement', 'information', 'component', 'difference', 'dataset', 'stochastic'], ['data', 'distribution', 'variable', 'state', 'method', 'following', 'space', 'since', 'dimension', 'cache'], ['set', 'algorithm', 'case', 'used', 'show', 'rate', 'eq', 'output', 'convex', 'known'], ['network', 'also', 'neuron', 'approximation', 'bound', 'well', 'application', 'theory', 'harmony', 'efficient'], ['learning', 'first', 'term', 'binary', 'equation', 'based', 'condition', 'performance', 'consider', 'approximate'], ['problem', 'number', 'probability', 'system', 'section', 'basis', 'lemma', 'estimate', 'therefore', 'structure'], ['using', 'figure', 'one', 'two', 'vector', 'entropy', 'analysis', 'mean', 'independent', 'hidden'], ['neural', 'let', 'time', 'prediction', 'learning', 'example', 'see', 'language', 'solution', 'xt'], ['sample', 'shown', 'process', 'property', 'natural', 'form', 'technique', 'constraint', 'infinite', 'estimate'], ['given', 'use', 'theorem', 'activation', 'paper', 'loss', 'classification', 'order', 'general', 'would'], ['value', 'parameter', 'input', 'weight', 'training', 'ie', 'rule', 'estimator', 'current', 'however'], ['feature', 'xi', 'size', 'error', 'large', 'machine', 'sn', 'tree', 'static', 'si'], ['function', 'linear', 'gradient', 'approach', 'missing', 'matrix', 'point', 'work', 'second', 'different']]","[[0.16429284, 0.044449188, 0.029096214, 0.023656564, 0.02151622, 0.020361252, 0.018522257, 0.013825618, 0.012648791, 0.01227882], [0.07072467, 0.04985898, 0.04737374, 0.046131827, 0.04112956, 0.030187173, 0.025472526, 0.022855192, 0.019516228, 0.018784272], [0.06800499, 0.06459806, 0.035133723, 0.03410198, 0.030248163, 0.026810108, 0.023430377, 0.019163713, 0.018487293, 0.013208858], [0.079807125, 0.036775168, 0.036212534, 0.023699047, 0.02168437, 0.020475153, 0.01744856, 0.014565246, 0.014072278, 0.013967289], [0.041118715, 0.032510843, 0.028739614, 0.025118832, 0.024202488, 0.023030074, 0.018288942, 0.017986044, 0.01707922, 0.016462263], [0.050464913, 0.04171177, 0.033754434, 0.031193832, 0.024063846, 0.017898005, 0.016583435, 0.015899893, 0.0151179135, 0.014585131], [0.052373912, 0.03884067, 0.03649933, 0.03557446, 0.03507812, 0.028780626, 0.025259992, 0.02202861, 0.021519354, 0.020572668], [0.047998432, 0.03054219, 0.029947879, 0.027608985, 0.024340866, 0.023397893, 0.023041744, 0.017122434, 0.016145403, 0.01584301], [0.035812024, 0.027875518, 0.024560092, 0.020123271, 0.019293478, 0.018994223, 0.018027613, 0.01780652, 0.016693775, 0.01614586], [0.03886021, 0.032733098, 0.026886117, 0.022244772, 0.022130977, 0.018476605, 0.0179764, 0.016379604, 0.014467637, 0.014320951], [0.034956004, 0.032586973, 0.027507937, 0.02328082, 0.022104895, 0.021852955, 0.020184873, 0.019183123, 0.017692452, 0.015342012], [0.04731318, 0.038399156, 0.030770676, 0.029525846, 0.022241993, 0.0213342, 0.019296192, 0.017496508, 0.014728531, 0.013942574], [0.09548873, 0.03805519, 0.030174566, 0.030123914, 0.028350303, 0.026967878, 0.023999853, 0.023214178, 0.019350657, 0.017481633]]"
25,13,0.61,0.31,34671.2109375,0.5609161773639523,,"[['function', 'relaxation', 'xi', 'bisubmodular', 'set', 'algorithm', 'submodular', 'let', 'prediction', 'ui'], ['feature', 'state', 'transition', 'method', 'hidden', 'one', 'score', 'number', 'model', 'selection'], ['xi', 'missing', 'case', 'variable', 'problem', 'value', 'formulation', 'mean', 'yi', 'robust'], ['ft', 'algorithm', 'xt', 'convex', 'function', 'regret', 'loss', 'gradient', 'bco', 'bound'], ['model', 'gradient', 'distribution', 'entropy', 'dg', 'dimension', 'image', 'receptor', 'correlation', 'ligand'], ['estimator', 'variance', 'entropy', 'data', 'mse', 'normalized', 'training', 'estimate', 'corr', 'size'], ['function', 'tree', 'harmony', 'linear', 'network', 'state', 'policy', 'value', 'energy', 'parse'], ['algorithm', 'sn', 'space', 'ksu', 'compression', 'nn', 'metric', 'theorem', 'bayesconsistent', 'net'], ['model', 'cache', 'language', 'static', 'news', 'unbounded', 'network', 'word', 'distribution', 'domain'], ['model', 'data', 'missing', 'variable', 'process', 'measurement', 'ry', 'prediction', 'network', 'distribution'], ['neuron', 'rate', 'input', 'function', 'artifact', 'impulse', 'signal', 'model', 'circuit', 'neural'], ['weight', 'current', 'learning', 'gate', 'synapse', 'chip', 'tunneling', 'floating', 'voltage', 'electron'], ['network', 'parameter', 'basis', 'algorithm', 'vector', 'learning', 'model', 'number', 'fm', 'training']]","[[0.03608983, 0.015664926, 0.012102442, 0.011627445, 0.008777458, 0.00830246, 0.008064961, 0.007827464, 0.007827464, 0.007352465], [0.026241561, 0.02010981, 0.009762479, 0.008421158, 0.0084211575, 0.008229542, 0.008229542, 0.008037924, 0.0076546883, 0.006888219], [0.015615802, 0.015125117, 0.013755699, 0.013641498, 0.013016179, 0.012360947, 0.012197649, 0.011687842, 0.010732726, 0.010732726], [0.026105214, 0.022449084, 0.01983756, 0.018792953, 0.017748345, 0.017226039, 0.015136824, 0.012002998, 0.012002998, 0.011480694], [0.031356566, 0.015341213, 0.012632376, 0.012153803, 0.009546989, 0.0092573855, 0.008098759, 0.007810468, 0.0075195176, 0.0069415295], [0.013161261, 0.012619909, 0.010454908, 0.009731905, 0.009191902, 0.009011474, 0.0073834523, 0.007179467, 0.00684632, 0.006634053], [0.019074095, 0.014376474, 0.014376474, 0.013495669, 0.013495669, 0.012614865, 0.01173406, 0.011146857, 0.009091646, 0.009091646], [0.016096687, 0.01569423, 0.015569553, 0.01237218, 0.010862158, 0.010850508, 0.010560153, 0.010500055, 0.010258149, 0.007842113], [0.040912014, 0.02207022, 0.017359773, 0.013238133, 0.010882909, 0.010588506, 0.0094108945, 0.009116492, 0.008822089, 0.008527686], [0.017633919, 0.013637681, 0.010742922, 0.008950749, 0.008123504, 0.007296241, 0.005642178, 0.0056421678, 0.005637097, 0.0055043194], [0.020444246, 0.011146861, 0.009493994, 0.009080776, 0.008667559, 0.008667559, 0.007841125, 0.0076345154, 0.0076345154, 0.0072212983], [0.022806443, 0.014727995, 0.014246248, 0.013919685, 0.01299104, 0.012062394, 0.012062394, 0.011752846, 0.011133748, 0.010205102], [0.01509989, 0.01466192, 0.010282244, 0.009187323, 0.009187323, 0.0074354513, 0.0072164675, 0.0067785005, 0.006559517, 0.006340532]]"
25,13,0.61,0.61,35675.38671875,0.5244840904313817,,"[['algorithm', 'sn', 'space', 'ksu', 'compression', 'metric', 'nn', 'bayesconsistent', 'theorem', 'net'], ['xi', 'missing', 'case', 'formulation', 'problem', 'value', 'yi', 'robust', 'constraint', 'variable'], ['process', 'gate', 'weight', 'synapse', 'current', 'tunneling', 'region', 'floating', 'gaussian', 'voltage'], ['basis', 'algorithm', 'vector', 'model', 'fm', 'pns', 'learning', 'ht', 'gradient', 'multioutput'], ['function', 'relaxation', 'parameter', 'xi', 'network', 'bisubmodular', 'submodular', 'ui', 'roof', 'duality'], ['data', 'missing', 'variable', 'gradient', 'rx', 'ry', 'set', 'model', 'vo', 'recoverable'], ['model', 'distribution', 'entropy', 'dg', 'rf', 'dimension', 'image', 'size', 'data', 'correlation'], ['neuron', 'rate', 'input', 'activation', 'learning', 'function', 'neural', 'circuit', 'chip', 'network'], ['feature', 'state', 'transition', 'method', 'hidden', 'one', 'score', 'number', 'model', 'selection'], ['harmony', 'tree', 'network', 'artifact', 'independent', 'vector', 'component', 'parse', 'signal', 'energy'], ['model', 'ft', 'algorithm', 'linear', 'xt', 'function', 'measurement', 'network', 'convex', 'neural'], ['model', 'cache', 'language', 'set', 'variance', 'static', 'test', 'learning', 'news', 'unbounded'], ['function', 'entropy', 'data', 'mse', 'linear', 'normalized', 'estimator', 'value', 'state', 'policy']]","[[0.01587466, 0.01587466, 0.015569186, 0.012514445, 0.010987072, 0.010681598, 0.010681598, 0.010376125, 0.009154228, 0.00793233], [0.01815786, 0.01702237, 0.014183642, 0.014183642, 0.013615896, 0.013048151, 0.012480405, 0.012480405, 0.01191266, 0.011344914], [0.012376535, 0.010470915, 0.009994509, 0.009994509, 0.009756308, 0.0092799, 0.009041699, 0.009041699, 0.009041698, 0.008088888], [0.015514561, 0.013573312, 0.0129623385, 0.0099161565, 0.009904486, 0.0089130355, 0.008694288, 0.008582551, 0.007921584, 0.007921584], [0.032347593, 0.016939213, 0.014627958, 0.012830313, 0.012573508, 0.012573508, 0.008721413, 0.008207801, 0.007950994, 0.0076941876], [0.019891385, 0.0152800875, 0.0133384885, 0.012367689, 0.010426092, 0.009940691, 0.008727192, 0.008241793, 0.0077563934, 0.0075136935], [0.027236557, 0.012186078, 0.010888622, 0.008553204, 0.0082937125, 0.008034222, 0.007255748, 0.007255748, 0.006996257, 0.006477275], [0.022446297, 0.012220663, 0.011418652, 0.010817144, 0.010416139, 0.009413626, 0.009213123, 0.008611615, 0.008611615, 0.008411112], [0.026241634, 0.020109866, 0.009762507, 0.008421183, 0.008421183, 0.008229565, 0.008229565, 0.008037947, 0.0076547107, 0.0068882396], [0.017079322, 0.01673056, 0.0149867525, 0.013242944, 0.011150373, 0.011150372, 0.010801612, 0.0108016115, 0.010452851, 0.010452851], [0.02396118, 0.013799485, 0.011975592, 0.011975592, 0.011454479, 0.0104122525, 0.009630584, 0.009630584, 0.009370029, 0.009109473], [0.028365124, 0.014875741, 0.01170012, 0.010066694, 0.009119668, 0.008921451, 0.007901954, 0.0076634837, 0.007333639, 0.0071351626], [0.014184135, 0.009295045, 0.0086641945, 0.0080333445, 0.008033344, 0.007875631, 0.007560205, 0.0067716427, 0.006298505, 0.006298505]]"
25,13,0.61,0.9099999999999999,35836.9765625,0.5204559694967881,,"[['process', 'gaussian', 'region', 'distribution', 'shrinkage', 'kx', 'heavytailed', 'sparse', 'model', 'log'], ['model', 'distribution', 'entropy', 'dg', 'dimension', 'image', 'correlation', 'sample', 'ising', 'data'], ['algorithm', 'sn', 'space', 'ksu', 'compression', 'metric', 'nn', 'bayesconsistent', 'theorem', 'net'], ['model', 'network', 'entropy', 'data', 'mse', 'normalized', 'measurement', 'estimator', 'using', 'linear'], ['state', 'data', 'parameter', 'missing', 'variable', 'model', 'network', 'transition', 'hidden', 'set'], ['input', 'current', 'gradient', 'rate', 'model', 'weight', 'gate', 'synapse', 'tunneling', 'neuron'], ['feature', 'method', 'function', 'one', 'linear', 'score', 'value', 'state', 'policy', 'variable'], ['function', 'ft', 'harmony', 'tree', 'algorithm', 'xt', 'network', 'convex', 'regret', 'parse'], ['function', 'relaxation', 'xi', 'bisubmodular', 'submodular', 'ui', 'roof', 'duality', 'xn', 'pseudoboolean'], ['neuron', 'impulse', 'circuit', 'activation', 'function', 'network', 'neural', 'natural', 'pet', 'potential'], ['set', 'prediction', 'variance', 'function', 'algorithm', 'estimate', 'xi', 'distribution', 'value', 'training'], ['algorithm', 'learning', 'vector', 'basis', 'problem', 'artifact', 'chip', 'network', 'weight', 'independent'], ['model', 'cache', 'language', 'static', 'network', 'news', 'unbounded', 'neural', 'et', 'rf']]","[[0.017760364, 0.014669866, 0.013510931, 0.011965682, 0.01003412, 0.009647808, 0.009647808, 0.008102559, 0.007716246, 0.007716246], [0.037420608, 0.01932229, 0.01726566, 0.013563735, 0.012741083, 0.011507108, 0.0102731325, 0.009861807, 0.009039156, 0.008627833], [0.01587466, 0.01587466, 0.015569186, 0.012514445, 0.010987072, 0.010681598, 0.010681598, 0.010376125, 0.009154228, 0.00793233], [0.022506364, 0.013193396, 0.013180643, 0.012726383, 0.011601668, 0.011361243, 0.010224119, 0.010224119, 0.010000174, 0.009996694], [0.016560588, 0.013798448, 0.011649961, 0.009656194, 0.009656193, 0.00827443, 0.00795983, 0.007815014, 0.0068944204, 0.0068939147], [0.012870025, 0.011341885, 0.011123582, 0.010468665, 0.009813747, 0.009595443, 0.009595443, 0.009377137, 0.008503915, 0.008285609], [0.027111154, 0.012065841, 0.011669912, 0.009888231, 0.009492301, 0.008502479, 0.008106549, 0.007908585, 0.007908585, 0.007314691], [0.015659645, 0.015056968, 0.014755627, 0.0144542875, 0.01355027, 0.012043574, 0.012043573, 0.010838216, 0.009934198, 0.009331519], [0.047225393, 0.028591242, 0.021657608, 0.021224258, 0.014723975, 0.013423919, 0.013423918, 0.012990566, 0.010823806, 0.010390453], [0.0344734, 0.023690898, 0.020906357, 0.014682384, 0.014669795, 0.014106676, 0.013545445, 0.010147523, 0.010147523, 0.009018909], [0.012507081, 0.009144284, 0.009144283, 0.008957461, 0.008396994, 0.0074628843, 0.0074628843, 0.006902416, 0.0067155957, 0.006528774], [0.009840607, 0.0095057655, 0.008672162, 0.008004304, 0.0070022047, 0.006334658, 0.0063332007, 0.006331989, 0.0061657433, 0.005833763], [0.031786386, 0.015576467, 0.012251353, 0.009341879, 0.00892624, 0.007679322, 0.0074715023, 0.0070558633, 0.0068480433, 0.0066402243]]"
25,13,0.61,5.0,35757.27734375,0.4976194196890988,,"[['rate', 'input', 'neuron', 'noise', 'eq', 'conductance', 'model', 'level', 'fig', 'function'], ['algorithm', 'ft', 'variance', 'set', 'estimate', 'xt', 'convex', 'function', 'loss', 'regret'], ['function', 'data', 'variable', 'relaxation', 'missing', 'xi', 'bisubmodular', 'ry', 'set', 'rx'], ['feature', 'score', 'method', 'one', 'eq', 'selection', 'mi', 'information', 'ji', 'binary'], ['neuron', 'activation', 'process', 'neural', 'circuit', 'chip', 'learning', 'impulse', 'function', 'network'], ['algorithm', 'sn', 'space', 'ksu', 'compression', 'metric', 'nn', 'bayesconsistent', 'theorem', 'net'], ['model', 'network', 'data', 'entropy', 'neural', 'mse', 'normalized', 'using', 'linear', 'measurement'], ['network', 'parameter', 'harmony', 'tree', 'function', 'parse', 'energy', 'le', 'cun', 'system'], ['state', 'transition', 'function', 'linear', 'model', 'hidden', 'policy', 'value', 'number', 'sequence'], ['artifact', 'independent', 'signal', 'component', 'meg', 'ic', 'data', 'analysis', 'source', 'vector'], ['vector', 'basis', 'problem', 'algorithm', 'xi', 'case', 'model', 'learning', 'fm', 'formulation'], ['model', 'gradient', 'distribution', 'current', 'gate', 'entropy', 'weight', 'synapse', 'tunneling', 'floating'], ['model', 'cache', 'language', 'distribution', 'function', 'probability', 'set', 'static', 'learning', 'data']]","[[0.027143698, 0.02412662, 0.022919789, 0.018092465, 0.013868555, 0.012661724, 0.01205831, 0.010851479, 0.010248064, 0.010248064], [0.016305197, 0.013781025, 0.0131575065, 0.012727598, 0.011689322, 0.010471176, 0.010155769, 0.00994656, 0.009133311, 0.009092073], [0.021413602, 0.0155171985, 0.014534464, 0.012962089, 0.012372448, 0.011389714, 0.009620793, 0.008048419, 0.007851872, 0.0072622304], [0.044502445, 0.013961058, 0.013311242, 0.012986334, 0.011361792, 0.011361792, 0.010387068, 0.009087433, 0.009087433, 0.008437617], [0.012556017, 0.009159798, 0.008309201, 0.007461541, 0.0072918776, 0.0072918776, 0.0072879307, 0.007122066, 0.0071054264, 0.0066126334], [0.015874663, 0.015874663, 0.015569189, 0.012514447, 0.010987074, 0.010681599, 0.010681599, 0.010376126, 0.009154229, 0.007932331], [0.019456942, 0.011876891, 0.010670977, 0.009981882, 0.008948238, 0.008775964, 0.00860369, 0.008086869, 0.007914595, 0.007742321], [0.02920061, 0.018910509, 0.016254997, 0.015923059, 0.011607856, 0.010280101, 0.009948161, 0.008288468, 0.007956529, 0.00762459], [0.03442521, 0.014197533, 0.0117894765, 0.011067059, 0.010826254, 0.010585448, 0.009622226, 0.009381419, 0.008899809, 0.007936587], [0.025976814, 0.021873632, 0.020505907, 0.019822042, 0.012983408, 0.010931817, 0.010247953, 0.008880226, 0.008880226, 0.008880226], [0.0099467365, 0.009734891, 0.009734891, 0.009311201, 0.00888751, 0.0069809, 0.0069809, 0.006557209, 0.006345364, 0.006345364], [0.021686975, 0.009903273, 0.008968059, 0.008219887, 0.008219887, 0.007845801, 0.007845801, 0.007845801, 0.0072846715, 0.007097629], [0.026836699, 0.014169595, 0.011144615, 0.009443064, 0.009064942, 0.008686817, 0.008497758, 0.008497757, 0.0075524505, 0.0069852667]]"
25,13,0.61,10.0,35801.49609375,0.5570915441480706,,"[['algorithm', 'sn', 'space', 'ksu', 'compression', 'metric', 'nn', 'bayesconsistent', 'theorem', 'net'], ['gradient', 'model', 'basis', 'algorithm', 'vector', 'fm', 'pns', 'receptor', 'learning', 'ht'], ['feature', 'score', 'method', 'one', 'eq', 'selection', 'mi', 'information', 'ji', 'binary'], ['function', 'linear', 'policy', 'state', 'value', 'constraint', 'approximate', 'approximation', 'factored', 'method'], ['entropy', 'data', 'mse', 'normalized', 'estimator', 'function', 'corr', 'stream', 'algorithm', 'log'], ['model', 'cache', 'network', 'language', 'neural', 'static', 'linear', 'recurrent', 'using', 'data'], ['state', 'transition', 'hidden', 'model', 'sequence', 'number', 'emission', 'hmm', 'infinite', 'matrix'], ['function', 'relaxation', 'xi', 'bisubmodular', 'submodular', 'ui', 'roof', 'duality', 'xn', 'pseudoboolean'], ['weight', 'neuron', 'neural', 'current', 'learning', 'network', 'activation', 'function', 'synapse', 'voltage'], ['function', 'ft', 'harmony', 'tree', 'algorithm', 'network', 'xt', 'convex', 'regret', 'parse'], ['parameter', 'network', 'process', 'gaussian', 'region', 'distribution', 'function', 'shrinkage', 'kx', 'heavytailed'], ['model', 'distribution', 'rate', 'neuron', 'entropy', 'input', 'fig', 'dg', 'noise', 'dimension'], ['data', 'missing', 'variable', 'set', 'estimate', 'case', 'variance', 'xi', 'problem', 'value']]","[[0.01587469, 0.01587469, 0.015569215, 0.012514468, 0.010987093, 0.010681618, 0.010681618, 0.010376143, 0.009154244, 0.007932344], [0.017458515, 0.011169851, 0.010704024, 0.009306543, 0.009073629, 0.0069774063, 0.0062786657, 0.006278664, 0.006045752, 0.006045752], [0.04450245, 0.013961059, 0.013311243, 0.012986335, 0.011361792, 0.011361792, 0.010387069, 0.009087434, 0.009087434, 0.008437618], [0.023495985, 0.023001686, 0.01994743, 0.01946351, 0.017990468, 0.012001321, 0.010966581, 0.010966581, 0.010966581, 0.0099777365], [0.013465843, 0.012552226, 0.011638611, 0.011410206, 0.0109533975, 0.009811376, 0.008669357, 0.008212548, 0.0075273355, 0.0075273355], [0.043516178, 0.014121877, 0.012991325, 0.011107075, 0.010353375, 0.008469125, 0.0077154245, 0.0077154245, 0.0075269993, 0.0071501494], [0.047831956, 0.023450956, 0.020230824, 0.016090658, 0.01517062, 0.012870526, 0.012870526, 0.01103045, 0.01057043, 0.009650393], [0.0472254, 0.028591247, 0.021657614, 0.021224262, 0.014723977, 0.01342392, 0.01342392, 0.012990568, 0.010823807, 0.010390454], [0.011676268, 0.010648903, 0.008337335, 0.007823652, 0.0075668106, 0.007181549, 0.006924708, 0.006667867, 0.006539446, 0.0058973436], [0.015659656, 0.015056978, 0.014755637, 0.014454298, 0.01355028, 0.012043582, 0.0120435795, 0.010838224, 0.009934205, 0.009331525], [0.017730627, 0.011497433, 0.011257696, 0.009100052, 0.008380838, 0.0074218838, 0.0069424063, 0.006223193, 0.0059834546, 0.0059834546], [0.027290616, 0.012533526, 0.01154972, 0.011303768, 0.010565913, 0.010319961, 0.009336157, 0.008106398, 0.007860446, 0.0076144948], [0.016055455, 0.014930874, 0.013160752, 0.011234278, 0.008183274, 0.007861106, 0.0077014207, 0.0075373095, 0.0072154, 0.0067249923]]"
25,13,0.9099999999999999,0.01,-91728.984375,0.3082842271333451,,"[['vector', 'eq', 'point', 'binary', 'form', 'change', 'optimization', 'consider', 'machine', 'xt'], ['using', 'theorem', 'independent', 'current', 'paper', 'convex', 'random', 'sequence', 'see', 'performance'], ['input', 'weight', 'estimate', 'prediction', 'also', 'ie', 'show', 'cache', 'network', 'transition'], ['model', 'distribution', 'xi', 'entropy', 'time', 'system', 'error', 'first', 'new', 'may'], ['neuron', 'approach', 'however', 'measurement', 'application', 'al', 'source', 'bisubmodular', 'harmony', 'computation'], ['algorithm', 'learning', 'linear', 'approximation', 'analysis', 'estimator', 'size', 'loss', 'basis', 'eg'], ['network', 'feature', 'relaxation', 'solution', 'ft', 'tree', 'unit', 'fig', 'several', 'technique'], ['neural', 'parameter', 'result', 'given', 'rule', 'optimal', 'natural', 'setting', 'different', 'test'], ['probability', 'figure', 'information', 'order', 'output', 'activation', 'log', 'based', 'hidden', 'gaussian'], ['data', 'method', 'rate', 'term', 'dimension', 'et', 'rx', 'language', 'constraint', 'condition'], ['function', 'state', 'value', 'number', 'missing', 'matrix', 'let', 'section', 'small', 'well'], ['set', 'variable', 'problem', 'case', 'used', 'two', 'gradient', 'since', 'following', 'shown'], ['one', 'use', 'sample', 'training', 'space', 'variance', 'process', 'large', 'approximate', 'property']]","[[0.044489954, 0.030268926, 0.02901128, 0.025796317, 0.02274463, 0.02151021, 0.020960532, 0.01993221, 0.019160772, 0.017254062], [0.058270264, 0.028058115, 0.025768118, 0.024848359, 0.0232645, 0.022578916, 0.021068972, 0.019012114, 0.018491078, 0.017564628], [0.035946798, 0.03245721, 0.029798143, 0.028048664, 0.023104876, 0.022548372, 0.021645237, 0.020593777, 0.018530574, 0.017079122], [0.118531525, 0.043734934, 0.030989954, 0.025843784, 0.025603788, 0.025525363, 0.025500042, 0.021050861, 0.01758601, 0.014147563], [0.03824476, 0.034990918, 0.023738232, 0.020401996, 0.01796132, 0.016530437, 0.015073478, 0.014532239, 0.014482151, 0.013244789], [0.06346673, 0.05059777, 0.02789989, 0.018853337, 0.017596357, 0.01751698, 0.016681973, 0.015563295, 0.015334612, 0.013426061], [0.05488608, 0.04195091, 0.017402537, 0.01649949, 0.015441538, 0.015247668, 0.015207027, 0.015153187, 0.015054216, 0.014943688], [0.051209275, 0.04552496, 0.03526209, 0.029084014, 0.028007936, 0.021394443, 0.017270135, 0.016940568, 0.016688239, 0.015847871], [0.03891107, 0.0361695, 0.033198394, 0.031957146, 0.027413324, 0.026471373, 0.02583808, 0.025571704, 0.024169624, 0.02356669], [0.07288579, 0.03934252, 0.028808815, 0.02497886, 0.020117907, 0.019821199, 0.016824445, 0.016802708, 0.015872782, 0.015338139], [0.091696404, 0.04223437, 0.038337264, 0.034561794, 0.025076002, 0.024453001, 0.022599803, 0.02127285, 0.0151166, 0.014287045], [0.052974723, 0.045860045, 0.0448913, 0.033768076, 0.0287604, 0.028336478, 0.028252825, 0.02250366, 0.022207728, 0.021044336], [0.054928485, 0.03475653, 0.032718483, 0.031552967, 0.02985182, 0.028311998, 0.025346149, 0.019677857, 0.016294649, 0.01611857]]"
25,13,0.9099999999999999,0.31,35251.5,0.45144887831832625,,"[['algorithm', 'function', 'basis', 'vector', 'learning', 'prediction', 'model', 'output', 'set', 'probability'], ['model', 'function', 'linear', 'distribution', 'entropy', 'state', 'policy', 'value', 'dg', 'dimension'], ['function', 'xi', 'relaxation', 'tree', 'harmony', 'bisubmodular', 'network', 'variable', 'set', 'case'], ['algorithm', 'space', 'sn', 'learning', 'ksu', 'chip', 'compression', 'metric', 'nn', 'bayesconsistent'], ['model', 'linear', 'measurement', 'network', 'neural', 'error', 'prediction', 'blood', 'glucose', 'time'], ['neuron', 'rate', 'input', 'function', 'circuit', 'impulse', 'model', 'noise', 'potential', 'network'], ['data', 'entropy', 'gradient', 'mse', 'normalized', 'estimator', 'independent', 'artifact', 'corr', 'signal'], ['feature', 'gate', 'current', 'score', 'method', 'weight', 'synapse', 'one', 'tunneling', 'floating'], ['network', 'parameter', 'training', 'rf', 'function', 'neural', 'le', 'change', 'cun', 'size'], ['model', 'state', 'cache', 'language', 'hidden', 'transition', 'static', 'number', 'word', 'sequence'], ['variance', 'estimate', 'crossvalidation', 'estimator', 'set', 'error', 'test', 'training', 'example', 'zi'], ['process', 'gaussian', 'region', 'distribution', 'shrinkage', 'kx', 'heavytailed', 'sparse', 'model', 'log'], ['data', 'missing', 'variable', 'ft', 'algorithm', 'rx', 'ry', 'set', 'xt', 'convex']]","[[0.0133400895, 0.010432729, 0.009521491, 0.0084894085, 0.007946395, 0.0073011275, 0.0067297546, 0.0067063663, 0.00637024, 0.006082605], [0.02291528, 0.012898576, 0.0115736285, 0.010705629, 0.009500089, 0.00928384, 0.009047228, 0.008870574, 0.0074622124, 0.00700935], [0.023926891, 0.015085762, 0.0121434145, 0.009012991, 0.009012991, 0.009012991, 0.007723633, 0.007523269, 0.0067922776, 0.0067913355], [0.012710261, 0.011051865, 0.010843573, 0.00899758, 0.0085476255, 0.0078610545, 0.007504013, 0.00729529, 0.00729529, 0.007086567], [0.04734226, 0.020577937, 0.019033842, 0.019033842, 0.018004445, 0.01594565, 0.014916256, 0.01337216, 0.01337216, 0.011828065], [0.032239377, 0.015942873, 0.013530378, 0.012583925, 0.012347989, 0.012094438, 0.010358375, 0.008636026, 0.008636026, 0.008527799], [0.011872821, 0.0111061875, 0.009956237, 0.009764578, 0.00957292, 0.008614628, 0.008039652, 0.0072730193, 0.0072730184, 0.0068897023], [0.029478483, 0.009474309, 0.009473906, 0.00925273, 0.009212811, 0.0090432055, 0.0090432055, 0.008780615, 0.008396548, 0.008180996], [0.019424874, 0.018766066, 0.01053095, 0.01053095, 0.009872139, 0.008883926, 0.008225117, 0.007895712, 0.007895712, 0.0075663067], [0.03143929, 0.018968018, 0.013545729, 0.011015326, 0.00956938, 0.009207895, 0.008123437, 0.007942694, 0.0072197216, 0.0070389784], [0.026806366, 0.0180619, 0.017478935, 0.016313007, 0.01573004, 0.015147077, 0.014564113, 0.0139811495, 0.010483362, 0.010483362], [0.017760362, 0.0146698635, 0.0135109285, 0.011965679, 0.010034119, 0.009647807, 0.009647807, 0.008102557, 0.0077162446, 0.0077162446], [0.016806435, 0.013400576, 0.012123378, 0.010633313, 0.010207581, 0.010207581, 0.009143249, 0.009143249, 0.008078918, 0.0076531847]]"
25,13,0.9099999999999999,0.61,34890.46875,0.46032071525753676,,"[['state', 'transition', 'hidden', 'model', 'sequence', 'number', 'emission', 'hmm', 'infinite', 'probability'], ['parameter', 'network', 'variance', 'set', 'training', 'error', 'estimate', 'crossvalidation', 'test', 'estimator'], ['model', 'cache', 'language', 'static', 'network', 'news', 'unbounded', 'neural', 'et', 'rf'], ['data', 'entropy', 'mse', 'normalized', 'estimator', 'independent', 'artifact', 'corr', 'stream', 'using'], ['function', 'prediction', 'probability', 'mixture', 'log', 'progressive', 'rule', 'algorithm', 'loss', 'set'], ['gradient', 'model', 'basis', 'algorithm', 'vector', 'fm', 'pns', 'receptor', 'learning', 'ht'], ['model', 'data', 'missing', 'variable', 'ry', 'network', 'linear', 'measurement', 'rx', 'neural'], ['feature', 'method', 'function', 'one', 'linear', 'score', 'value', 'state', 'policy', 'variable'], ['constraint', 'problem', 'xi', 'chip', 'learning', 'weight', 'missing', 'value', 'activation', 'set'], ['algorithm', 'sn', 'space', 'rate', 'ksu', 'compression', 'eq', 'input', 'metric', 'nn'], ['neuron', 'network', 'current', 'weight', 'function', 'synapse', 'harmony', 'tree', 'voltage', 'model'], ['ft', 'algorithm', 'function', 'process', 'xt', 'gaussian', 'convex', 'region', 'regret', 'distribution'], ['function', 'model', 'relaxation', 'xi', 'bisubmodular', 'distribution', 'entropy', 'submodular', 'dg', 'binary']]","[[0.047982752, 0.024223061, 0.02018188, 0.016064158, 0.015133909, 0.012839376, 0.012839376, 0.011003749, 0.010544842, 0.009660899], [0.017837303, 0.01450984, 0.013904847, 0.012089867, 0.01178737, 0.010274887, 0.009669893, 0.0090649, 0.0090649, 0.008459907], [0.031823024, 0.015597188, 0.012267656, 0.009354316, 0.008938113, 0.007689548, 0.007481452, 0.007063801, 0.00685715, 0.0066490276], [0.014796646, 0.014796646, 0.013009638, 0.01275435, 0.011477916, 0.010712054, 0.009690907, 0.009690906, 0.0091803325, 0.008925046], [0.022357572, 0.01715581, 0.015075106, 0.015075105, 0.015075105, 0.01455493, 0.014034754, 0.012994401, 0.011433872, 0.010913697], [0.017458512, 0.011169848, 0.010704021, 0.00930654, 0.009073625, 0.006977404, 0.006278664, 0.006278663, 0.00604575, 0.00604575], [0.022845019, 0.01924747, 0.016496403, 0.012475612, 0.008666444, 0.008666442, 0.008454822, 0.00781996, 0.00781996, 0.007396719], [0.027111154, 0.012065843, 0.011669912, 0.009888231, 0.009492301, 0.008502479, 0.008106549, 0.007908585, 0.007908585, 0.007314691], [0.012513804, 0.0116192475, 0.0116192475, 0.011321061, 0.010426504, 0.009233761, 0.008935575, 0.008637388, 0.008339203, 0.007742831], [0.011404299, 0.011404299, 0.011402306, 0.0107189575, 0.008989743, 0.007892217, 0.007890507, 0.0078524565, 0.007672711, 0.007672711], [0.019297274, 0.013850096, 0.01267452, 0.012093351, 0.011656993, 0.010141484, 0.0095564965, 0.009361261, 0.008969171, 0.008879158], [0.011157367, 0.010934019, 0.010263977, 0.010263977, 0.008477199, 0.008477198, 0.008253852, 0.007807157, 0.0073604616, 0.006913767], [0.025253793, 0.01952167, 0.014001851, 0.010605039, 0.010392738, 0.009968137, 0.008906633, 0.0072082262, 0.0069959257, 0.006783624]]"
25,13,0.9099999999999999,0.9099999999999999,34126.64453125,0.5304541392283487,,"[['neuron', 'rate', 'input', 'activation', 'learning', 'neural', 'chip', 'weight', 'network', 'noise'], ['feature', 'one', 'set', 'variance', 'score', 'method', 'selection', 'estimate', 'eq', 'mi'], ['basis', 'algorithm', 'vector', 'model', 'fm', 'pns', 'learning', 'ht', 'gradient', 'multioutput'], ['space', 'algorithm', 'sn', 'process', 'distribution', 'ksu', 'gaussian', 'compression', 'metric', 'nn'], ['artifact', 'independent', 'rf', 'signal', 'component', 'stimulus', 'analysis', 'data', 'neural', 'change'], ['function', 'relaxation', 'xi', 'bisubmodular', 'submodular', 'ui', 'roof', 'duality', 'xn', 'pseudoboolean'], ['linear', 'value', 'function', 'gradient', 'constraint', 'set', 'state', 'xi', 'policy', 'problem'], ['synapse', 'current', 'gate', 'weight', 'voltage', 'tunneling', 'floating', 'electron', 'synapsis', 'source'], ['model', 'network', 'entropy', 'data', 'mse', 'normalized', 'measurement', 'estimator', 'linear', 'using'], ['model', 'state', 'cache', 'language', 'hidden', 'transition', 'static', 'number', 'word', 'sequence'], ['harmony', 'tree', 'network', 'parse', 'energy', 'vector', 'smolensky', 'function', 'valid', 'activation'], ['data', 'missing', 'variable', 'algorithm', 'function', 'ft', 'rx', 'ry', 'set', 'impulse'], ['model', 'parameter', 'function', 'distribution', 'network', 'entropy', 'set', 'data', 'probability', 'log']]","[[0.028462477, 0.015889695, 0.015061968, 0.014217896, 0.013134204, 0.0118580405, 0.011454123, 0.010154488, 0.008262333, 0.008074327], [0.028724013, 0.010686603, 0.010686603, 0.009637917, 0.009218442, 0.008798968, 0.007960019, 0.0075405426, 0.007330806, 0.006701594], [0.0153962765, 0.013386763, 0.013051844, 0.010037572, 0.010037572, 0.009032815, 0.008697896, 0.008697896, 0.008028058, 0.008028058], [0.01223041, 0.009988611, 0.008956008, 0.008085566, 0.007916222, 0.007059354, 0.0068850713, 0.006197238, 0.0060248156, 0.0060248156], [0.013135132, 0.01140551, 0.011059585, 0.010367736, 0.010021811, 0.007946264, 0.007254415, 0.007254415, 0.007254415, 0.007254415], [0.04722538, 0.028591238, 0.021657603, 0.021224251, 0.014723971, 0.013423914, 0.013423914, 0.012990561, 0.010823802, 0.01039045], [0.012073595, 0.011875503, 0.010092678, 0.010092678, 0.008904127, 0.007913669, 0.007913669, 0.007913669, 0.007913669, 0.007715577], [0.028958635, 0.027609775, 0.025797397, 0.025782319, 0.023883611, 0.022380853, 0.022377051, 0.018936107, 0.01637584, 0.01604962], [0.022509009, 0.013182954, 0.013182954, 0.012728025, 0.0115907015, 0.011363236, 0.010225913, 0.010225913, 0.009998448, 0.009998448], [0.03143929, 0.018968018, 0.013545729, 0.011015326, 0.00956938, 0.009207895, 0.008123437, 0.007942694, 0.0072197216, 0.0070389784], [0.034522984, 0.033818234, 0.028180191, 0.021837398, 0.021132642, 0.01338034, 0.01338034, 0.012675585, 0.011970831, 0.011266077], [0.01354171, 0.010797057, 0.010103149, 0.009287207, 0.009021154, 0.008567027, 0.008223945, 0.007366241, 0.0073662405, 0.0071895462], [0.016420256, 0.013371342, 0.011846885, 0.011338735, 0.00913674, 0.0072735157, 0.007104131, 0.0062572104, 0.0059184423, 0.005749058]]"
25,13,0.9099999999999999,5.0,35827.0234375,0.5271846858397023,,"[['data', 'missing', 'variable', 'ry', 'rx', 'vo', 'recoverable', 'vi', 'vm', 'recoverability'], ['feature', 'algorithm', 'space', 'sn', 'one', 'eq', 'method', 'set', 'score', 'ksu'], ['rate', 'function', 'ft', 'input', 'algorithm', 'xt', 'neuron', 'convex', 'regret', 'loss'], ['gate', 'synapse', 'weight', 'current', 'tunneling', 'artifact', 'source', 'floating', 'signal', 'voltage'], ['function', 'neuron', 'linear', 'impulse', 'state', 'value', 'policy', 'circuit', 'network', 'activation'], ['model', 'variance', 'error', 'linear', 'estimate', 'measurement', 'network', 'neural', 'set', 'prediction'], ['entropy', 'mse', 'normalized', 'estimator', 'data', 'corr', 'stream', 'using', 'shannon', 'variance'], ['gradient', 'weight', 'chip', 'neural', 'learning', 'model', 'rf', 'activation', 'receptor', 'network'], ['function', 'tree', 'harmony', 'network', 'rule', 'prediction', 'parse', 'energy', 'mixture', 'log'], ['basis', 'algorithm', 'vector', 'model', 'fm', 'pns', 'learning', 'ht', 'gradient', 'multioutput'], ['function', 'xi', 'relaxation', 'bisubmodular', 'variable', 'problem', 'set', 'submodular', 'ui', 'roof'], ['state', 'process', 'model', 'transition', 'hidden', 'gaussian', 'distribution', 'parameter', 'region', 'sequence'], ['model', 'network', 'parameter', 'distribution', 'cache', 'language', 'entropy', 'data', 'set', 'static']]","[[0.027735656, 0.022399954, 0.019554246, 0.014574258, 0.013151403, 0.011372834, 0.01101712, 0.010661407, 0.00994998, 0.009594266], [0.021715138, 0.009663235, 0.008236037, 0.008236037, 0.0077603036, 0.007601726, 0.0072845705, 0.0072845705, 0.0068088383, 0.006491683], [0.014368267, 0.014361882, 0.01405052, 0.012111974, 0.012101749, 0.011800835, 0.010675993, 0.010295922, 0.00926994, 0.008581235], [0.014277942, 0.01362849, 0.013628488, 0.013303762, 0.012654311, 0.012329586, 0.012329586, 0.012329585, 0.011680133, 0.011030682], [0.019444464, 0.016246472, 0.012515479, 0.011182982, 0.01091648, 0.01064998, 0.01064998, 0.0098504815, 0.008251485, 0.006918987], [0.026364896, 0.016474308, 0.015650092, 0.012353232, 0.010430063, 0.010155324, 0.010155324, 0.010155324, 0.009605847, 0.009331109], [0.02338343, 0.020560084, 0.020156749, 0.018140074, 0.017333403, 0.01531673, 0.014510059, 0.010880044, 0.00967004, 0.009670039], [0.012186621, 0.009425122, 0.008734748, 0.008504623, 0.007814247, 0.007584122, 0.007353997, 0.006433497, 0.0064334967, 0.005743122], [0.01832543, 0.01471846, 0.01471846, 0.012013232, 0.010209748, 0.009909167, 0.009308005, 0.009007423, 0.0087068435, 0.0087068435], [0.01539628, 0.0133867655, 0.013051847, 0.010037575, 0.010037574, 0.009032816, 0.008697898, 0.008697898, 0.008028059, 0.008028059], [0.027653338, 0.020243516, 0.01629161, 0.0120927105, 0.009622769, 0.008634793, 0.008634793, 0.008387798, 0.007646816, 0.0076468154], [0.022198416, 0.013313932, 0.011619259, 0.010776955, 0.009296394, 0.008449866, 0.007814104, 0.0076028663, 0.007392794, 0.0071812295], [0.031682376, 0.011687614, 0.010735484, 0.010463446, 0.01019141, 0.008015108, 0.0069269575, 0.0067909383, 0.006110845, 0.006110845]]"
25,13,0.9099999999999999,10.0,35794.1015625,0.5099542914153671,,"[['model', 'cache', 'neuron', 'language', 'network', 'static', 'neural', 'impulse', 'news', 'circuit'], ['state', 'transition', 'hidden', 'model', 'number', 'sequence', 'xi', 'problem', 'missing', 'case'], ['feature', 'tree', 'harmony', 'one', 'score', 'network', 'method', 'eq', 'selection', 'mi'], ['ft', 'algorithm', 'xt', 'convex', 'function', 'regret', 'loss', 'gradient', 'bco', 'bound'], ['function', 'prediction', 'probability', 'mixture', 'log', 'progressive', 'rule', 'algorithm', 'loss', 'set'], ['basis', 'algorithm', 'vector', 'model', 'fm', 'pns', 'learning', 'ht', 'gradient', 'multioutput'], ['data', 'missing', 'variable', 'gradient', 'rx', 'ry', 'set', 'model', 'vo', 'recoverable'], ['algorithm', 'sn', 'space', 'ksu', 'artifact', 'compression', 'nn', 'metric', 'bayesconsistent', 'independent'], ['model', 'neural', 'network', 'linear', 'measurement', 'prediction', 'rf', 'error', 'time', 'blood'], ['function', 'relaxation', 'xi', 'linear', 'constraint', 'bisubmodular', 'state', 'value', 'policy', 'variable'], ['estimator', 'variance', 'entropy', 'mse', 'normalized', 'data', 'estimate', 'corr', 'stream', 'sample'], ['model', 'distribution', 'gaussian', 'process', 'entropy', 'region', 'parameter', 'dg', 'dimension', 'data'], ['parameter', 'input', 'network', 'current', 'weight', 'rate', 'gate', 'synapse', 'function', 'tunneling']]","[[0.03004364, 0.014628372, 0.011845911, 0.011505519, 0.011084304, 0.008773024, 0.0085643, 0.0081874225, 0.007211598, 0.0072076535], [0.026818506, 0.013020989, 0.011232422, 0.009699365, 0.009443855, 0.008421817, 0.008166307, 0.007910797, 0.007655287, 0.0071442677], [0.030606354, 0.011834282, 0.010940375, 0.010716901, 0.009599512, 0.009152567, 0.009152566, 0.0078116953, 0.0078116953, 0.0071412646], [0.026105227, 0.022449095, 0.019837571, 0.01879296, 0.017748352, 0.017226048, 0.015136831, 0.012003005, 0.012003004, 0.011480699], [0.02235757, 0.01715581, 0.015075106, 0.015075105, 0.015075105, 0.014554929, 0.014034754, 0.012994401, 0.011433872, 0.010913696], [0.01539628, 0.0133867655, 0.013051847, 0.010037575, 0.010037574, 0.009032816, 0.008697898, 0.008697898, 0.008028059, 0.008028059], [0.019891413, 0.015280109, 0.013338508, 0.012367707, 0.010426107, 0.009940705, 0.008727205, 0.008241804, 0.007756404, 0.007513704], [0.013164911, 0.011039926, 0.010827427, 0.008702441, 0.008064944, 0.007639948, 0.0074274503, 0.0074274493, 0.007214951, 0.006789953], [0.031445324, 0.014530668, 0.014233919, 0.012453429, 0.010969687, 0.009782695, 0.009485946, 0.009189198, 0.008595701, 0.007705456], [0.027282342, 0.01124809, 0.011077513, 0.009883473, 0.00886001, 0.008348279, 0.008348278, 0.0076659694, 0.0068130847, 0.006642507], [0.017487558, 0.016768478, 0.013892169, 0.012214321, 0.011974628, 0.011495244, 0.009577702, 0.009098318, 0.008618932, 0.0076601612], [0.02224326, 0.015627425, 0.011016389, 0.00941255, 0.008410151, 0.007608232, 0.006806312, 0.0066058324, 0.006204873, 0.0058039133], [0.014387065, 0.012622649, 0.011128813, 0.010537374, 0.010535676, 0.0099079935, 0.009189742, 0.008893965, 0.008676938, 0.008011219]]"
25,13,5.0,0.01,-91626.625,0.29381057460164484,,"[['algorithm', 'parameter', 'xi', 'also', 'rate', 'two', 'error', 'mean', 'random', 'performance'], ['distribution', 'problem', 'state', 'vector', 'machine', 'transition', 'component', 'property', 'datasets', 'condition'], ['using', 'learning', 'variable', 'case', 'figure', 'training', 'analysis', 'section', 'point', 'measurement'], ['let', 'size', 'since', 'paper', 'log', 'cache', 'model', 'classification', 'note', 'xt'], ['data', 'result', 'approach', 'sample', 'output', 'however', 'basis', 'sn', 'infinite', 'defined'], ['function', 'set', 'probability', 'time', 'matrix', 'variance', 'shown', 'different', 'relaxation', 'application'], ['value', 'one', 'independent', 'optimal', 'general', 'data', 'hold', 'mixture', 'many', 'u'], ['model', 'given', 'neuron', 'following', 'current', 'bound', 'convex', 'thus', 'order', 'natural'], ['feature', 'method', 'number', 'entropy', 'estimate', 'missing', 'information', 'eq', 'example', 'theorem'], ['network', 'linear', 'first', 'space', 'rule', 'known', 'mse', 'et', 'efficient', 'work'], ['neural', 'input', 'system', 'prediction', 'approximation', 'hidden', 'equation', 'new', 'optimization', 'see'], ['weight', 'ie', 'constraint', 'binary', 'activation', 'second', 'solution', 'based', 'large', 'selection'], ['show', 'gradient', 'use', 'process', 'term', 'estimator', 'consider', 'test', 'sequence', 'may']]","[[0.061063804, 0.037051164, 0.03407944, 0.031566996, 0.027759388, 0.026878122, 0.024347946, 0.021927606, 0.01968823, 0.014983146], [0.05624123, 0.052302245, 0.05101177, 0.04023329, 0.01979547, 0.017861255, 0.017502476, 0.015739303, 0.015115368, 0.015068605], [0.05053261, 0.04943851, 0.045945287, 0.035575233, 0.032160986, 0.025701493, 0.024104608, 0.022555875, 0.021465044, 0.017026788], [0.034370497, 0.027461769, 0.02744682, 0.023835232, 0.02336711, 0.022514261, 0.019877428, 0.018939443, 0.018354284, 0.017786637], [0.060671866, 0.03611725, 0.029829795, 0.028084487, 0.021955073, 0.017689744, 0.016320245, 0.015402061, 0.013086772, 0.011795386], [0.099615276, 0.07057169, 0.029087108, 0.028050914, 0.026082125, 0.023483926, 0.021615269, 0.016921766, 0.016512724, 0.014955177], [0.052586716, 0.04722858, 0.027621105, 0.02752259, 0.01580815, 0.01424723, 0.013236176, 0.012683764, 0.012535546, 0.011756673], [0.11381178, 0.03361877, 0.03104536, 0.029292874, 0.020658314, 0.018938398, 0.014893875, 0.0138447685, 0.013673015, 0.012729685], [0.036757383, 0.036574386, 0.035820287, 0.026801404, 0.025871515, 0.025605, 0.024872066, 0.023087844, 0.02061712, 0.01689798], [0.08298684, 0.045180716, 0.03102923, 0.030786227, 0.029867409, 0.016632332, 0.016409205, 0.013735547, 0.013724253, 0.013455668], [0.047252115, 0.036415104, 0.031203803, 0.028753024, 0.025161901, 0.022771735, 0.02215232, 0.021902112, 0.01801402, 0.016692333], [0.035120502, 0.03067261, 0.025039213, 0.024165204, 0.02373786, 0.021963438, 0.018206388, 0.017871683, 0.017842732, 0.01648621], [0.039020777, 0.033417217, 0.03281237, 0.031226302, 0.027680168, 0.02563727, 0.020574016, 0.019947441, 0.019187635, 0.018037783]]"
25,13,5.0,0.31,35155.12890625,0.5098511089579802,,"[['function', 'tree', 'harmony', 'network', 'rule', 'prediction', 'parse', 'energy', 'mixture', 'log'], ['function', 'neuron', 'linear', 'impulse', 'policy', 'value', 'state', 'circuit', 'network', 'activation'], ['feature', 'method', 'one', 'process', 'eq', 'score', 'distribution', 'gaussian', 'region', 'selection'], ['gradient', 'receptor', 'ligand', 'tectum', 'model', 'retina', 'axon', 'eph', 'shape', 'retinotectal'], ['data', 'model', 'missing', 'variable', 'distribution', 'case', 'set', 'problem', 'entropy', 'ry'], ['entropy', 'algorithm', 'mse', 'ft', 'normalized', 'estimator', 'data', 'corr', 'xt', 'convex'], ['rate', 'neuron', 'input', 'noise', 'eq', 'model', 'conductance', 'level', 'function', 'fig'], ['gate', 'weight', 'synapse', 'current', 'tunneling', 'artifact', 'source', 'floating', 'signal', 'voltage'], ['state', 'parameter', 'transition', 'network', 'hidden', 'number', 'model', 'sequence', 'emission', 'infinite'], ['function', 'relaxation', 'xi', 'bisubmodular', 'variance', 'set', 'submodular', 'estimate', 'ui', 'roof'], ['algorithm', 'space', 'sn', 'learning', 'ksu', 'chip', 'compression', 'metric', 'nn', 'bayesconsistent'], ['model', 'network', 'cache', 'neural', 'language', 'static', 'data', 'linear', 'using', 'time'], ['basis', 'algorithm', 'vector', 'model', 'fm', 'pns', 'learning', 'ht', 'gradient', 'multioutput']]","[[0.018325405, 0.014718441, 0.014718441, 0.0120132165, 0.0102097355, 0.009909154, 0.009307994, 0.009007414, 0.008706833, 0.008706833], [0.019696001, 0.016548967, 0.012748215, 0.011391259, 0.010848001, 0.010815445, 0.010196252, 0.010033966, 0.008325668, 0.0070479247], [0.024330309, 0.008340325, 0.008162659, 0.008162659, 0.007984993, 0.007629659, 0.0070966594, 0.006741326, 0.006208327, 0.006208326], [0.038292956, 0.020268032, 0.018014917, 0.016512841, 0.0135086905, 0.0127576515, 0.0120066125, 0.011255574, 0.010504536, 0.009753498], [0.016883384, 0.01577628, 0.01368526, 0.012079482, 0.010296697, 0.007988, 0.0074110837, 0.00666968, 0.006094452, 0.0059634764], [0.013266212, 0.011663911, 0.011663911, 0.011435011, 0.011435011, 0.0109772105, 0.010061609, 0.008688209, 0.008688208, 0.008230408], [0.0271477, 0.026796047, 0.024032746, 0.017991764, 0.013872052, 0.012634172, 0.012261864, 0.010941048, 0.0106553435, 0.010593742], [0.01427793, 0.013628479, 0.013628478, 0.013303754, 0.012654301, 0.012329576, 0.012329576, 0.012329576, 0.011680124, 0.011030672], [0.028598467, 0.01986388, 0.015379047, 0.012618551, 0.011757426, 0.01130296, 0.010054565, 0.0086194435, 0.0073119504, 0.0065047955], [0.027719999, 0.016478106, 0.014229731, 0.012231171, 0.011481713, 0.010732251, 0.008483874, 0.007734414, 0.007734414, 0.007734414], [0.01256137, 0.010912665, 0.010706577, 0.009057873, 0.00843961, 0.007821345, 0.007409169, 0.007203081, 0.007203081, 0.006996993], [0.036502, 0.011912285, 0.0111671435, 0.0102729695, 0.008782686, 0.0066962847, 0.0065472564, 0.006398228, 0.006398228, 0.0062491996], [0.015347464, 0.013393734, 0.013136402, 0.01000939, 0.010005736, 0.009004161, 0.008716187, 0.008670303, 0.008002587, 0.008002587]]"
25,13,5.0,0.61,35647.0546875,0.4306144822232549,,"[['data', 'missing', 'variable', 'case', 'set', 'ry', 'problem', 'xi', 'rx', 'value'], ['model', 'cache', 'network', 'language', 'neural', 'static', 'linear', 'recurrent', 'using', 'data'], ['function', 'relaxation', 'xi', 'bisubmodular', 'process', 'gaussian', 'region', 'submodular', 'ui', 'distribution'], ['model', 'basis', 'rate', 'input', 'algorithm', 'learning', 'vector', 'neuron', 'output', 'fm'], ['network', 'function', 'parameter', 'tree', 'harmony', 'rule', 'set', 'prediction', 'parse', 'probability'], ['feature', 'state', 'transition', 'method', 'hidden', 'one', 'score', 'number', 'model', 'selection'], ['entropy', 'mse', 'normalized', 'data', 'estimator', 'gate', 'weight', 'synapse', 'current', 'tunneling'], ['algorithm', 'sn', 'space', 'ksu', 'compression', 'metric', 'nn', 'bayesconsistent', 'probability', 'rf'], ['artifact', 'independent', 'signal', 'component', 'meg', 'ic', 'data', 'analysis', 'source', 'vector'], ['linear', 'function', 'variance', 'value', 'state', 'policy', 'error', 'set', 'estimate', 'crossvalidation'], ['gradient', 'receptor', 'ligand', 'tectum', 'model', 'retina', 'axon', 'eph', 'shape', 'retinotectal'], ['neuron', 'function', 'algorithm', 'ft', 'impulse', 'xt', 'circuit', 'convex', 'regret', 'loss'], ['model', 'distribution', 'entropy', 'chip', 'learning', 'dg', 'weight', 'activation', 'dimension', 'boltzmann']]","[[0.021073911, 0.020635705, 0.01659451, 0.00972774, 0.009431987, 0.009091911, 0.0090299, 0.008789691, 0.008203919, 0.0073415544], [0.043516137, 0.014121864, 0.012991315, 0.011107066, 0.010353366, 0.008469119, 0.007715418, 0.007715418, 0.0075269933, 0.0071501443], [0.024851622, 0.013756354, 0.011290739, 0.010057931, 0.009441528, 0.007797782, 0.0071813785, 0.0069759106, 0.0063595073, 0.006359507], [0.010827539, 0.009960536, 0.009743785, 0.009093531, 0.008660031, 0.008660031, 0.00844328, 0.008226529, 0.0075762765, 0.0067092744], [0.01792252, 0.015884735, 0.012624277, 0.009975154, 0.009975154, 0.007326032, 0.007326031, 0.006714695, 0.0063071377, 0.006103359], [0.026241567, 0.020109814, 0.009762481, 0.00842116, 0.008421159, 0.0082295425, 0.0082295425, 0.008037926, 0.0076546897, 0.0068882206], [0.014169003, 0.012457744, 0.0122132795, 0.011479881, 0.010990949, 0.010746486, 0.010257554, 0.010257554, 0.010013089, 0.009524157], [0.011079127, 0.011079127, 0.0108658755, 0.00873335, 0.007667088, 0.0074538356, 0.0074538356, 0.007240583, 0.007027331, 0.006814078], [0.025976807, 0.021873627, 0.0205059, 0.019822035, 0.012983405, 0.010931814, 0.01024795, 0.008880223, 0.008880223, 0.008880223], [0.0140527515, 0.013874225, 0.012880038, 0.011992806, 0.011037177, 0.01068552, 0.010213041, 0.009742718, 0.008661109, 0.008011637], [0.038292956, 0.020268032, 0.018014917, 0.016512841, 0.01350869, 0.0127576515, 0.0120066125, 0.011255574, 0.010504536, 0.009753498], [0.016635844, 0.016362961, 0.013634137, 0.013634137, 0.011451075, 0.010359544, 0.01008666, 0.009813779, 0.00899513, 0.007903598], [0.022902027, 0.011695442, 0.0104503175, 0.009454102, 0.008955771, 0.00820882, 0.0077107153, 0.0077107134, 0.0077107092, 0.0072126025]]"
25,13,5.0,0.9099999999999999,35781.4765625,0.5081063073251832,,"[['model', 'feature', 'cache', 'language', 'one', 'method', 'set', 'static', 'information', 'score'], ['function', 'neuron', 'activation', 'state', 'linear', 'value', 'constraint', 'network', 'circuit', 'chip'], ['network', 'parameter', 'training', 'rf', 'function', 'neural', 'le', 'change', 'cun', 'size'], ['rate', 'input', 'process', 'model', 'gaussian', 'neuron', 'distribution', 'region', 'noise', 'eq'], ['function', 'data', 'variable', 'relaxation', 'missing', 'xi', 'bisubmodular', 'ry', 'set', 'rx'], ['model', 'distribution', 'entropy', 'dg', 'dimension', 'image', 'correlation', 'sample', 'ising', 'data'], ['entropy', 'data', 'mse', 'normalized', 'estimator', 'function', 'corr', 'stream', 'algorithm', 'log'], ['model', 'variance', 'error', 'linear', 'estimate', 'measurement', 'network', 'neural', 'set', 'prediction'], ['state', 'model', 'hidden', 'transition', 'basis', 'number', 'algorithm', 'matrix', 'vector', 'learning'], ['algorithm', 'gradient', 'sn', 'space', 'ksu', 'artifact', 'set', 'signal', 'compression', 'metric'], ['value', 'gate', 'synapse', 'weight', 'current', 'tunneling', 'floating', 'voltage', 'electron', 'xi'], ['ft', 'algorithm', 'xt', 'convex', 'function', 'regret', 'loss', 'gradient', 'bco', 'bound'], ['harmony', 'tree', 'network', 'parse', 'energy', 'vector', 'smolensky', 'function', 'valid', 'activation']]","[[0.022382095, 0.021604592, 0.011652551, 0.00932004, 0.008542537, 0.007609533, 0.0074540325, 0.00698753, 0.006676529, 0.006676529], [0.014442226, 0.013879132, 0.010125576, 0.00937463, 0.008811709, 0.008623952, 0.008436208, 0.008432059, 0.008060924, 0.008060917], [0.019424656, 0.018947035, 0.010540089, 0.010526782, 0.009868867, 0.00888501, 0.008228665, 0.007900443, 0.007892586, 0.0075651766], [0.012312786, 0.011601855, 0.011601855, 0.009469066, 0.009232089, 0.008995112, 0.008284182, 0.008284182, 0.008047205, 0.007810228], [0.021413574, 0.015517179, 0.014534446, 0.012962074, 0.012372433, 0.0113897, 0.009620782, 0.00804841, 0.007851862, 0.007262223], [0.037420575, 0.019322272, 0.017265648, 0.013563724, 0.012741074, 0.0115070995, 0.010273125, 0.0098618, 0.00903915, 0.0086278245], [0.013465812, 0.012552199, 0.011638585, 0.0114101805, 0.010953375, 0.009811357, 0.008669337, 0.00821253, 0.007527319, 0.007527319], [0.026364883, 0.016474303, 0.015650086, 0.012353227, 0.0104300575, 0.010155319, 0.010155319, 0.010155319, 0.009605843, 0.009331104], [0.020321198, 0.012693171, 0.0125015015, 0.009960112, 0.009373606, 0.008786376, 0.00839228, 0.007994053, 0.007967273, 0.006832213], [0.010319996, 0.008653867, 0.008653867, 0.008487256, 0.006821126, 0.0063212877, 0.006154675, 0.005988062, 0.005988062, 0.005821449], [0.013609298, 0.013017156, 0.012425012, 0.012425011, 0.01212894, 0.011536797, 0.0112407245, 0.010056438, 0.009760366, 0.009464295], [0.026105218, 0.022449087, 0.019837564, 0.018792955, 0.017748348, 0.017226042, 0.015136826, 0.012003, 0.012003, 0.011480696], [0.034336913, 0.033635955, 0.028332403, 0.02171967, 0.02101871, 0.013444083, 0.013308173, 0.012715495, 0.011906259, 0.01132749]]"
25,13,5.0,5.0,32341.0703125,0.5405136756149242,,"[['function', 'xi', 'relaxation', 'bisubmodular', 'variable', 'problem', 'set', 'submodular', 'ui', 'roof'], ['model', 'vector', 'algorithm', 'basis', 'rate', 'input', 'learning', 'artifact', 'signal', 'neuron'], ['function', 'linear', 'policy', 'state', 'value', 'constraint', 'approximate', 'approximation', 'factored', 'method'], ['state', 'algorithm', 'space', 'sn', 'transition', 'sequence', 'tree', 'harmony', 'hidden', 'probability'], ['entropy', 'data', 'estimator', 'word', 'distribution', 'vector', 'using', 'model', 'normalized', 'two'], ['weight', 'neuron', 'current', 'learning', 'neural', 'activation', 'network', 'synapse', 'function', 'circuit'], ['algorithm', 'function', 'set', 'loss', 'ft', 'variance', 'bound', 'estimate', 'convex', 'prediction'], ['gradient', 'receptor', 'ligand', 'tectum', 'model', 'retina', 'axon', 'eph', 'shape', 'retinotectal'], ['mse', 'process', 'gaussian', 'corr', 'stream', 'distribution', 'region', 'normalized', 'estimator', 'shrinkage'], ['feature', 'score', 'method', 'one', 'eq', 'selection', 'mi', 'information', 'ji', 'binary'], ['data', 'missing', 'variable', 'ry', 'rx', 'vo', 'recoverable', 'vi', 'vm', 'recoverability'], ['model', 'distribution', 'linear', 'neural', 'network', 'measurement', 'entropy', 'dg', 'dimension', 'error'], ['model', 'network', 'cache', 'parameter', 'language', 'static', 'news', 'set', 'learning', 'unbounded']]","[[0.027653337, 0.020243514, 0.016291609, 0.01209271, 0.0096227685, 0.008634793, 0.008634793, 0.008387798, 0.0076468154, 0.007646815], [0.008605012, 0.008605012, 0.008273666, 0.007942318, 0.007445297, 0.0071139517, 0.0067826053, 0.0062855845, 0.0062855845, 0.0062855845], [0.02346089, 0.022961508, 0.019965224, 0.019465845, 0.017967703, 0.011975136, 0.010976373, 0.010976373, 0.010976373, 0.009977613], [0.015886659, 0.008379904, 0.00793833, 0.007643947, 0.007496755, 0.007496755, 0.0073495638, 0.007202372, 0.0064664166, 0.0061720335], [0.057802215, 0.050922267, 0.01839196, 0.018018842, 0.017917981, 0.017681599, 0.016068917, 0.015810834, 0.015436774, 0.015106641], [0.014262435, 0.013007714, 0.009557236, 0.009086716, 0.009086716, 0.008459358, 0.008302516, 0.007988838, 0.007988837, 0.007204637], [0.015248463, 0.014340221, 0.01216044, 0.009980659, 0.009072418, 0.008527473, 0.008164176, 0.0076192305, 0.0076192305, 0.0070742853], [0.03829297, 0.02026804, 0.018014925, 0.016512847, 0.013508693, 0.012757656, 0.012006616, 0.011255577, 0.010504539, 0.0097535], [0.011545051, 0.010668049, 0.008810951, 0.008610929, 0.008250182, 0.008213503, 0.008114541, 0.007695917, 0.0075948634, 0.0060253064], [0.04450245, 0.013961059, 0.013311243, 0.012986335, 0.011361792, 0.011361792, 0.010387069, 0.009087434, 0.009087434, 0.008437618], [0.027735656, 0.022399956, 0.019554246, 0.014574258, 0.013151403, 0.011372834, 0.01101712, 0.010661407, 0.00994998, 0.009594266], [0.04225943, 0.010523213, 0.010423484, 0.009963649, 0.009944226, 0.0092695, 0.008712365, 0.0076454263, 0.007598112, 0.007413487], [0.028066808, 0.016965074, 0.016267827, 0.013491825, 0.012720763, 0.008643246, 0.008021329, 0.007952913, 0.007491919, 0.0073992517]]"
25,13,5.0,10.0,35826.359375,0.46323633732878905,,"[['feature', 'score', 'method', 'one', 'eq', 'selection', 'mi', 'information', 'ji', 'binary'], ['function', 'linear', 'state', 'policy', 'value', 'rf', 'approximation', 'model', 'constraint', 'approximate'], ['input', 'current', 'gradient', 'rate', 'model', 'weight', 'gate', 'synapse', 'tunneling', 'floating'], ['state', 'entropy', 'data', 'transition', 'mse', 'normalized', 'estimator', 'hidden', 'model', 'number'], ['function', 'relaxation', 'xi', 'bisubmodular', 'submodular', 'ui', 'roof', 'duality', 'xn', 'pseudoboolean'], ['model', 'linear', 'measurement', 'network', 'neural', 'error', 'prediction', 'blood', 'glucose', 'time'], ['algorithm', 'function', 'basis', 'vector', 'learning', 'prediction', 'output', 'model', 'set', 'fm'], ['network', 'harmony', 'tree', 'activation', 'weight', 'chip', 'energy', 'parse', 'learning', 'boltzmann'], ['model', 'distribution', 'cache', 'data', 'language', 'entropy', 'static', 'independent', 'network', 'component'], ['parameter', 'algorithm', 'sn', 'space', 'network', 'ksu', 'compression', 'nn', 'set', 'metric'], ['ft', 'algorithm', 'function', 'process', 'gaussian', 'xt', 'convex', 'region', 'regret', 'distribution'], ['neuron', 'variance', 'impulse', 'circuit', 'estimate', 'crossvalidation', 'function', 'estimator', 'set', 'error'], ['data', 'missing', 'variable', 'case', 'set', 'problem', 'ry', 'xi', 'rx', 'value']]","[[0.04450245, 0.013961059, 0.013311243, 0.012986335, 0.011361792, 0.011361792, 0.010387069, 0.009087434, 0.009087434, 0.008437618], [0.017488893, 0.013989116, 0.011947578, 0.0116559295, 0.010780985, 0.009322743, 0.007281205, 0.006989557, 0.006989557, 0.006406261], [0.012870045, 0.011341903, 0.011123598, 0.01046868, 0.009813763, 0.0095954565, 0.0095954565, 0.009377152, 0.008503927, 0.008285622], [0.022485986, 0.0125358375, 0.011021685, 0.011021685, 0.011021685, 0.010805378, 0.009723839, 0.009507532, 0.009074918, 0.008642302], [0.0472254, 0.028591247, 0.021657614, 0.021224262, 0.014723979, 0.01342392, 0.01342392, 0.012990568, 0.010823807, 0.010390455], [0.047342293, 0.02057795, 0.019033855, 0.019033855, 0.018004457, 0.015945662, 0.014916265, 0.013372168, 0.013372168, 0.011828072], [0.013316986, 0.010434197, 0.009578557, 0.008189441, 0.00797587, 0.0073608505, 0.006754047, 0.0067468067, 0.0063389316, 0.006132375], [0.017900756, 0.016242353, 0.015910672, 0.014583951, 0.013588907, 0.012593865, 0.0115988245, 0.010272101, 0.00994042, 0.0076186545], [0.032201506, 0.0110971145, 0.010403246, 0.008457161, 0.0081817545, 0.0070710084, 0.0062379483, 0.005818577, 0.0056818654, 0.0055433917], [0.011945588, 0.0111210635, 0.010708802, 0.010502672, 0.009884279, 0.008441363, 0.0074107093, 0.0074107093, 0.0072045783, 0.0072045783], [0.011157386, 0.010934038, 0.010263995, 0.010263995, 0.008477213, 0.008477213, 0.008253865, 0.00780717, 0.0073604737, 0.0069137784], [0.017584313, 0.013257843, 0.012104116, 0.010661961, 0.008931372, 0.008642941, 0.008066078, 0.008066078, 0.0077776457, 0.0077776457], [0.0208853, 0.020445397, 0.016486289, 0.009667822, 0.009447872, 0.009007972, 0.009007972, 0.008788021, 0.008128171, 0.007468317]]"
25,13,10.0,0.01,-91501.953125,0.2994057387427493,,"[['learning', 'optimal', 'current', 'mean', 'signal', 'possible', 'source', 'theory', 'high', 'approximation'], ['missing', 'gaussian', 'optimization', 'xt', 'unit', 'particular', 'general', 'would', 'bisubmodular', 'noise'], ['error', 'space', 'point', 'output', 'several', 'experiment', 'estimation', 'energy', 'standard', 'proposed'], ['model', 'algorithm', 'one', 'neural', 'xi', 'show', 'entropy', 'estimate', 'training', 'independent'], ['distribution', 'feature', 'used', 'two', 'work', 'random', 'log', 'cache', 'component', 'region'], ['network', 'variable', 'problem', 'input', 'weight', 'order', 'eq', 'constraint', 'binary', 'convex'], ['function', 'using', 'given', 'approach', 'let', 'system', 'size', 'term', 'since', 'example'], ['method', 'rate', 'information', 'ie', 'et', 'section', 'second', 'rule', 'procedure', 'paper'], ['figure', 'vector', 'see', 'test', 'well', 'rx', 'lemma', 'number', 'static', 'known'], ['analysis', 'prediction', 'activation', 'based', 'defined', 'linear', 'approximate', 'eg', 'number', 'structure'], ['set', 'data', 'value', 'also', 'first', 'variance', 'shown', 'sn', 'natural', 'loss'], ['state', 'probability', 'neuron', 'following', 'sample', 'process', 'matrix', 'theorem', 'hidden', 'relaxation'], ['parameter', 'case', 'gradient', 'time', 'result', 'use', 'estimator', 'form', 'transition', 'tree']]","[[0.05927905, 0.030990684, 0.02953345, 0.019447817, 0.018511843, 0.017683545, 0.017434206, 0.017328974, 0.016003292, 0.015630145], [0.038125824, 0.025012845, 0.023313351, 0.020813646, 0.019752948, 0.018710846, 0.018075744, 0.017751059, 0.016684389, 0.016412107], [0.035429865, 0.0317288, 0.019058134, 0.018594263, 0.017772885, 0.017397236, 0.017098919, 0.014114127, 0.013928798, 0.013497848], [0.10620072, 0.05343371, 0.037082244, 0.028733619, 0.027170697, 0.026940938, 0.022759723, 0.021952232, 0.020956911, 0.017425302], [0.047547236, 0.03876374, 0.034788776, 0.026285125, 0.023308987, 0.01941501, 0.01934221, 0.01870664, 0.015278612, 0.013085462], [0.056812286, 0.038518365, 0.03823485, 0.027444003, 0.024778135, 0.020238344, 0.019653413, 0.018013846, 0.017330132, 0.015933393], [0.097770445, 0.039408248, 0.03403102, 0.028549127, 0.027668506, 0.027043507, 0.02475486, 0.02360962, 0.022807568, 0.021832928], [0.05004511, 0.03404727, 0.033423394, 0.031661365, 0.023770196, 0.0226372, 0.021376817, 0.017981859, 0.0153980665, 0.013113184], [0.04681607, 0.045809515, 0.029503878, 0.022491006, 0.021925079, 0.020948948, 0.019410651, 0.018576393, 0.015509761, 0.0138762845], [0.030392146, 0.029584035, 0.02457629, 0.023970233, 0.022331674, 0.019089507, 0.016738307, 0.016361972, 0.01573224, 0.014861127], [0.07265325, 0.07240958, 0.04286875, 0.0324346, 0.027847683, 0.024292096, 0.022189831, 0.01613771, 0.015384757, 0.0153493], [0.04682908, 0.03587045, 0.032596007, 0.030777873, 0.02789239, 0.027631639, 0.027243825, 0.024470275, 0.021188345, 0.016900059], [0.040037703, 0.030452931, 0.02967224, 0.029148472, 0.026294282, 0.025643632, 0.023591552, 0.018709794, 0.016166717, 0.014678698]]"
25,13,10.0,0.31,34824.1328125,0.5038850994858862,,"[['model', 'cache', 'language', 'learning', 'static', 'network', 'neural', 'chip', 'news', 'unbounded'], ['ft', 'convex', 'algorithm', 'xt', 'function', 'loss', 'regret', 'optimization', 'gradient', 'point'], ['weight', 'basis', 'gate', 'current', 'synapse', 'learning', 'tunneling', 'vector', 'floating', 'model'], ['xi', 'missing', 'case', 'formulation', 'problem', 'value', 'yi', 'robust', 'constraint', 'variable'], ['harmony', 'tree', 'network', 'parse', 'energy', 'smolensky', 'vector', 'function', 'valid', 'activation'], ['process', 'gaussian', 'region', 'distribution', 'shrinkage', 'kx', 'heavytailed', 'log', 'sparse', 'space'], ['state', 'transition', 'model', 'hidden', 'probability', 'sequence', 'rf', 'number', 'emission', 'hmm'], ['function', 'relaxation', 'xi', 'bisubmodular', 'set', 'algorithm', 'submodular', 'let', 'prediction', 'ui'], ['model', 'network', 'parameter', 'input', 'neural', 'rate', 'function', 'linear', 'error', 'measurement'], ['space', 'function', 'algorithm', 'sn', 'linear', 'ksu', 'policy', 'state', 'value', 'compression'], ['model', 'data', 'variable', 'missing', 'set', 'distribution', 'variance', 'estimate', 'sample', 'entropy'], ['feature', 'gradient', 'one', 'score', 'method', 'set', 'eq', 'selection', 'mi', 'interaction'], ['neuron', 'entropy', 'data', 'mse', 'normalized', 'network', 'estimator', 'using', 'artifact', 'impulse']]","[[0.028126027, 0.015464815, 0.0118473265, 0.011445384, 0.009435667, 0.009234695, 0.007626922, 0.007626922, 0.0074259504, 0.0072249784], [0.02652403, 0.025517656, 0.023410672, 0.020726783, 0.0173046, 0.016376792, 0.0159201, 0.013437277, 0.012611678, 0.011553484], [0.010815615, 0.010364053, 0.009913545, 0.009687984, 0.009462475, 0.009301605, 0.00878587, 0.0087243635, 0.008560335, 0.008334345], [0.018157853, 0.017022362, 0.014183637, 0.014183637, 0.0136158895, 0.013048146, 0.0124804005, 0.0124804005, 0.011912655, 0.01134491], [0.034522984, 0.033818234, 0.028180191, 0.021837398, 0.021132642, 0.013380341, 0.01338034, 0.012675587, 0.011970832, 0.011266077], [0.017337194, 0.014320289, 0.013188949, 0.012201227, 0.009794929, 0.009417815, 0.009417815, 0.008982658, 0.007909361, 0.007892931], [0.029455459, 0.014722731, 0.013610827, 0.012220946, 0.00916321, 0.00916321, 0.008885233, 0.0077733286, 0.0077733286, 0.0066614244], [0.036089826, 0.015664924, 0.012102441, 0.011627444, 0.008777456, 0.0083024595, 0.008064961, 0.007827463, 0.007827463, 0.007352464], [0.022287898, 0.01705274, 0.01336874, 0.011429791, 0.010072528, 0.0087152645, 0.0077457903, 0.0077457903, 0.0075518964, 0.0073580015], [0.010861299, 0.010479848, 0.010289124, 0.009907676, 0.008763329, 0.007809706, 0.007618981, 0.007428256, 0.007046808, 0.006856083], [0.016122265, 0.015104915, 0.010163502, 0.009291488, 0.008564809, 0.008419473, 0.0068207793, 0.0066754436, 0.006094101, 0.006094101], [0.031224223, 0.011845327, 0.011389353, 0.009793444, 0.00933747, 0.008197534, 0.007969547, 0.007969547, 0.0072855856, 0.0070575983], [0.01092978, 0.010391478, 0.010326677, 0.009136095, 0.008956755, 0.008777573, 0.00799313, 0.0076470617, 0.00752231, 0.00752231]]"
25,13,10.0,0.61,35479.65625,0.5331951024588866,,"[['algorithm', 'sn', 'space', 'ksu', 'artifact', 'compression', 'nn', 'metric', 'bayesconsistent', 'independent'], ['function', 'relaxation', 'xi', 'bisubmodular', 'submodular', 'ui', 'roof', 'duality', 'xn', 'pseudoboolean'], ['function', 'algorithm', 'log', 'loss', 'distribution', 'ft', 'process', 'set', 'prediction', 'convex'], ['linear', 'value', 'basis', 'function', 'problem', 'constraint', 'xi', 'vector', 'algorithm', 'variable'], ['model', 'entropy', 'data', 'distribution', 'mse', 'normalized', 'rate', 'sample', 'neuron', 'estimator'], ['state', 'transition', 'hidden', 'model', 'sequence', 'number', 'emission', 'hmm', 'infinite', 'matrix'], ['data', 'missing', 'variable', 'ry', 'rx', 'vo', 'recoverable', 'vi', 'vm', 'recoverability'], ['weight', 'harmony', 'tree', 'gate', 'network', 'synapse', 'current', 'tunneling', 'floating', 'voltage'], ['neuron', 'gradient', 'model', 'neural', 'impulse', 'function', 'circuit', 'network', 'rf', 'receptor'], ['feature', 'score', 'method', 'one', 'eq', 'selection', 'mi', 'information', 'ji', 'binary'], ['variance', 'learning', 'chip', 'set', 'estimate', 'weight', 'crossvalidation', 'activation', 'error', 'estimator'], ['model', 'network', 'parameter', 'neural', 'linear', 'error', 'measurement', 'prediction', 'system', 'blood'], ['model', 'cache', 'language', 'static', 'distribution', 'news', 'unbounded', 'word', 'network', 'domain']]","[[0.013164908, 0.011039922, 0.010827424, 0.008702439, 0.008064942, 0.0076399455, 0.007427448, 0.007427447, 0.0072149485, 0.006789951], [0.047225382, 0.028591242, 0.021657605, 0.021224255, 0.014723972, 0.013423916, 0.013423915, 0.012990563, 0.010823803, 0.010390451], [0.013977095, 0.01161972, 0.009105185, 0.008162235, 0.008005076, 0.007847918, 0.0072192843, 0.007062126, 0.007062126, 0.006747809], [0.010000286, 0.009384032, 0.0087889815, 0.008785048, 0.008756089, 0.007568619, 0.0075543397, 0.007219525, 0.006956672, 0.006498465], [0.018149313, 0.015533142, 0.010146903, 0.00922355, 0.007838517, 0.0076846234, 0.0073768385, 0.007222946, 0.007069054, 0.0069151614], [0.04783192, 0.023450937, 0.02023081, 0.016090645, 0.015170608, 0.012870517, 0.012870517, 0.011030442, 0.010570423, 0.009650387], [0.027735647, 0.022399943, 0.019554237, 0.01457425, 0.013151397, 0.011372829, 0.011017116, 0.010661402, 0.009949975, 0.009594262], [0.017098824, 0.016111774, 0.015782759, 0.014466697, 0.014137682, 0.013808667, 0.013479649, 0.012821618, 0.012492602, 0.011176539], [0.015527179, 0.011531903, 0.010422105, 0.009534266, 0.0093123065, 0.008868387, 0.008202508, 0.007980548, 0.0070927087, 0.00620487], [0.04450244, 0.013961058, 0.01331124, 0.012986333, 0.011361792, 0.011361792, 0.010387067, 0.009087433, 0.009087433, 0.008437617], [0.013897874, 0.012688492, 0.011479113, 0.010269732, 0.009362698, 0.009362697, 0.009060352, 0.008455662, 0.008455662, 0.008455662], [0.026889332, 0.024057822, 0.017828504, 0.013581242, 0.011316035, 0.011032884, 0.010466582, 0.008201376, 0.007635073, 0.0073519223], [0.04012097, 0.021527285, 0.016932657, 0.012912362, 0.012849908, 0.010615049, 0.010327885, 0.010019568, 0.0092090145, 0.008598758]]"
25,13,10.0,0.9099999999999999,35826.23828125,0.491070056744413,,"[['algorithm', 'sn', 'space', 'basis', 'vector', 'ksu', 'learning', 'compression', 'nn', 'metric'], ['function', 'linear', 'policy', 'state', 'artifact', 'value', 'independent', 'method', 'component', 'signal'], ['network', 'parameter', 'harmony', 'tree', 'function', 'parse', 'energy', 'le', 'cun', 'system'], ['feature', 'model', 'distribution', 'method', 'entropy', 'binary', 'one', 'score', 'dimension', 'eq'], ['neuron', 'current', 'synapse', 'weight', 'gate', 'voltage', 'impulse', 'circuit', 'floating', 'tunneling'], ['constraint', 'problem', 'xi', 'chip', 'learning', 'weight', 'missing', 'value', 'activation', 'set'], ['data', 'missing', 'variable', 'set', 'function', 'theorem', 'ry', 'rx', 'probability', 'prediction'], ['model', 'neural', 'network', 'linear', 'measurement', 'prediction', 'rf', 'error', 'time', 'input'], ['model', 'cache', 'language', 'rate', 'static', 'learning', 'input', 'neuron', 'news', 'unbounded'], ['function', 'relaxation', 'gradient', 'xi', 'bisubmodular', 'submodular', 'ui', 'roof', 'duality', 'set'], ['ft', 'algorithm', 'process', 'function', 'xt', 'gaussian', 'convex', 'region', 'regret', 'distribution'], ['state', 'transition', 'hidden', 'model', 'sequence', 'number', 'emission', 'hmm', 'infinite', 'matrix'], ['estimator', 'variance', 'entropy', 'mse', 'normalized', 'data', 'estimate', 'corr', 'stream', 'sample']]","[[0.014797107, 0.008359235, 0.008198288, 0.0075545004, 0.0067497664, 0.006588819, 0.0064278725, 0.005945032, 0.0056231385, 0.005623138], [0.013923775, 0.01363349, 0.011601479, 0.011311193, 0.011020905, 0.010440331, 0.009279183, 0.009279183, 0.008988896, 0.00869861], [0.02920061, 0.018910509, 0.016254997, 0.015923059, 0.011607856, 0.010280101, 0.009948161, 0.008288468, 0.007956529, 0.00762459], [0.025016394, 0.017526677, 0.01021977, 0.008941048, 0.008575698, 0.00821035, 0.008027676, 0.007845001, 0.007662325, 0.0072969785], [0.017992944, 0.016222162, 0.015041642, 0.014746511, 0.0132708615, 0.012975731, 0.01238547, 0.011795211, 0.011500079, 0.011500079], [0.012513805, 0.0116192475, 0.0116192475, 0.011321062, 0.010426505, 0.009233761, 0.008935575, 0.008637389, 0.008339204, 0.0077428315], [0.01915232, 0.013404285, 0.013400887, 0.009553178, 0.0089884745, 0.008926568, 0.008719931, 0.007868232, 0.0076552634, 0.0072266944], [0.031445403, 0.014530686, 0.014233951, 0.012453451, 0.010969709, 0.009782762, 0.009485935, 0.009189252, 0.0085957, 0.0077054678], [0.031650137, 0.014924024, 0.0117381, 0.009746895, 0.008950415, 0.008153934, 0.007954813, 0.007556572, 0.0073574516, 0.007158331], [0.03049296, 0.018169899, 0.0143134035, 0.013772334, 0.013487052, 0.009355299, 0.008528949, 0.008528949, 0.008253498, 0.0077264723], [0.011159735, 0.010936338, 0.010266156, 0.010266152, 0.008478998, 0.008478997, 0.008255604, 0.0078088134, 0.007362024, 0.0069152345], [0.047831923, 0.02345094, 0.020230811, 0.016090646, 0.01517061, 0.012870517, 0.012870517, 0.011030443, 0.010570425, 0.009650389], [0.017487554, 0.01676848, 0.013892167, 0.01221432, 0.011974627, 0.011495242, 0.009577703, 0.0090983175, 0.008618931, 0.007660161]]"
25,13,10.0,5.0,35815.38671875,0.5359190440531595,,"[['ft', 'algorithm', 'convex', 'set', 'xt', 'function', 'optimization', 'case', 'regret', 'xi'], ['basis', 'algorithm', 'vector', 'model', 'fm', 'pns', 'ht', 'learning', 'gradient', 'multioutput'], ['model', 'feature', 'cache', 'network', 'language', 'neural', 'one', 'set', 'method', 'using'], ['model', 'weight', 'distribution', 'data', 'gate', 'independent', 'current', 'entropy', 'synapse', 'tunneling'], ['network', 'harmony', 'tree', 'activation', 'weight', 'chip', 'energy', 'parse', 'learning', 'boltzmann'], ['parameter', 'network', 'le', 'cun', 'function', 'training', 'number', 'objective', 'neural', 'set'], ['algorithm', 'sn', 'space', 'ksu', 'compression', 'metric', 'nn', 'bayesconsistent', 'theorem', 'net'], ['data', 'missing', 'variable', 'ry', 'rx', 'vo', 'recoverable', 'vi', 'vm', 'recoverability'], ['estimator', 'variance', 'entropy', 'mse', 'normalized', 'data', 'estimate', 'corr', 'stream', 'sample'], ['state', 'process', 'model', 'transition', 'hidden', 'gaussian', 'distribution', 'parameter', 'region', 'sequence'], ['neuron', 'rate', 'input', 'function', 'impulse', 'circuit', 'model', 'noise', 'potential', 'network'], ['function', 'relaxation', 'gradient', 'xi', 'set', 'bisubmodular', 'rule', 'algorithm', 'prediction', 'let'], ['function', 'linear', 'policy', 'state', 'value', 'constraint', 'approximate', 'approximation', 'factored', 'method']]","[[0.013658627, 0.012838502, 0.01201839, 0.010378156, 0.010378156, 0.010104783, 0.009831411, 0.009284666, 0.009011294, 0.008737922], [0.015396278, 0.01338677, 0.013051846, 0.010037571, 0.010037571, 0.009032814, 0.008697904, 0.0086979, 0.008028065, 0.0080280565], [0.028349781, 0.016813599, 0.009002643, 0.0084018, 0.0072001144, 0.007200114, 0.007079945, 0.00671944, 0.00587826, 0.005637923], [0.016572157, 0.0075537893, 0.0072628753, 0.0066810455, 0.0063901297, 0.006390129, 0.006244672, 0.0060992152, 0.006099215, 0.005662842], [0.017900757, 0.016242353, 0.015910672, 0.014583952, 0.013588908, 0.012593866, 0.011598825, 0.0102721015, 0.00994042, 0.007618655], [0.0354646, 0.029863345, 0.014926671, 0.014926671, 0.010570142, 0.0093254205, 0.008703058, 0.008703058, 0.008080698, 0.008080698], [0.01587469, 0.01587469, 0.015569215, 0.012514468, 0.010987093, 0.010681618, 0.010681618, 0.010376143, 0.009154244, 0.007932344], [0.02773566, 0.022399956, 0.019554246, 0.0145742595, 0.0131514035, 0.011372835, 0.011017121, 0.010661407, 0.00994998, 0.009594267], [0.017487578, 0.016768496, 0.013892185, 0.012214336, 0.011974641, 0.011495256, 0.009577713, 0.009098328, 0.008618942, 0.00766017], [0.02217812, 0.013302873, 0.011612349, 0.010767086, 0.009287879, 0.008442617, 0.007808671, 0.0075973556, 0.0073860395, 0.007174724], [0.029026823, 0.015828267, 0.013188555, 0.012601953, 0.012308651, 0.010842145, 0.0102555435, 0.0087890355, 0.0087890355, 0.008202434], [0.027745195, 0.011962829, 0.009423139, 0.009241733, 0.008878918, 0.008878918, 0.0074276663, 0.006339227, 0.006339227, 0.006157821], [0.023460893, 0.022961512, 0.019965226, 0.019465847, 0.017967705, 0.011975136, 0.010976374, 0.010976374, 0.010976374, 0.009977613]]"
25,13,10.0,10.0,35830.0703125,0.5221542918823724,,"[['function', 'relaxation', 'xi', 'bisubmodular', 'probability', 'prediction', 'set', 'algorithm', 'submodular', 'let'], ['algorithm', 'sn', 'space', 'ksu', 'compression', 'metric', 'nn', 'bayesconsistent', 'theorem', 'net'], ['input', 'current', 'rate', 'gate', 'weight', 'synapse', 'tunneling', 'floating', 'neuron', 'voltage'], ['function', 'parameter', 'network', 'process', 'linear', 'state', 'value', 'policy', 'approximation', 'gaussian'], ['model', 'state', 'distribution', 'transition', 'hidden', 'entropy', 'number', 'parameter', 'dg', 'sequence'], ['data', 'missing', 'variable', 'set', 'case', 'gradient', 'problem', 'rx', 'ry', 'xi'], ['harmony', 'tree', 'network', 'parse', 'energy', 'vector', 'smolensky', 'function', 'valid', 'activation'], ['model', 'cache', 'neuron', 'language', 'network', 'static', 'neural', 'impulse', 'circuit', 'news'], ['artifact', 'chip', 'independent', 'learning', 'signal', 'weight', 'component', 'activation', 'neural', 'pattern'], ['feature', 'score', 'method', 'one', 'eq', 'selection', 'mi', 'information', 'ji', 'binary'], ['model', 'network', 'entropy', 'data', 'mse', 'normalized', 'measurement', 'estimator', 'linear', 'using'], ['ft', 'algorithm', 'xt', 'convex', 'function', 'regret', 'loss', 'gradient', 'bco', 'bound'], ['algorithm', 'basis', 'variance', 'vector', 'learning', 'training', 'set', 'model', 'estimate', 'crossvalidation']]","[[0.02934166, 0.011730664, 0.009062331, 0.008706553, 0.0072834417, 0.006571887, 0.0065718866, 0.006216109, 0.0060382206, 0.0060382197], [0.01586197, 0.01586197, 0.015791303, 0.012504437, 0.010978285, 0.0106730545, 0.0106730545, 0.010367823, 0.009146901, 0.00792598], [0.01802406, 0.015579889, 0.014658622, 0.013440107, 0.013440105, 0.013134421, 0.0119116865, 0.011606003, 0.01160598, 0.010994634], [0.012380358, 0.012054295, 0.008793675, 0.008304582, 0.007489426, 0.006837303, 0.0066742715, 0.0065112403, 0.0061851786, 0.0061851786], [0.027518531, 0.023148922, 0.011569463, 0.011569463, 0.010040099, 0.009166177, 0.008510737, 0.007855294, 0.0071998523, 0.0071998523], [0.01692649, 0.015900034, 0.012820673, 0.009399161, 0.008885933, 0.0087148575, 0.0075173276, 0.007346252, 0.0070041004, 0.006833025], [0.03452299, 0.033818237, 0.028180195, 0.0218374, 0.021132646, 0.013380342, 0.013380342, 0.012675588, 0.011970833, 0.011266078], [0.029986238, 0.014598557, 0.011871626, 0.011482065, 0.011092502, 0.0087551335, 0.008560353, 0.008170791, 0.0071968874, 0.0071968874], [0.012428685, 0.012428685, 0.011119351, 0.010137349, 0.010137349, 0.010137349, 0.009810016, 0.009155348, 0.008173346, 0.007518678], [0.044502445, 0.013961058, 0.013311242, 0.012986334, 0.011361792, 0.011361792, 0.010387068, 0.009087433, 0.009087433, 0.008437617], [0.022509018, 0.0131829595, 0.0131829595, 0.012728031, 0.011590705, 0.011363242, 0.010225917, 0.010225917, 0.009998451, 0.009998451], [0.026105221, 0.02244909, 0.019837566, 0.018792957, 0.017748348, 0.017226044, 0.015136828, 0.012003002, 0.012003001, 0.011480697], [0.011968987, 0.010043793, 0.0098298825, 0.009188151, 0.008118599, 0.008118599, 0.007904688, 0.007262956, 0.0068351347, 0.006407314]]"
